0.0813  2.2103
0.1253  2.4027
0.3268  3.0377
0.9220  4.7885
0.9637  4.8597
1.2214  5.2335
1.2350  5.2497
1.8207  5.9242
2.8092  6.4822
4.5885  7.9238
6.9224  12.1753
6.9254  12.1787
8.5355  15.3314
10.2006  20.1708
10.9677  22.4497
12.8996  26.5533
13.1869  27.0849
13.9553  28.3281
15.1518  29.9231
18.9442  34.2701
19.8216  35.2805
20.0323  35.5032
20.1420  35.5905
29.6308  42.5766
30.3112  43.0901
30.7876  43.4379
31.2168  43.7155
33.4411  45.1560
36.1232  47.5818
36.9034  48.6136
41.4688  56.6641
41.6572  57.0048
43.0418  59.9237
44.9543  64.6650
45.5341  66.1786
46.6316  68.9697
46.7598  69.2576
47.7570  71.3272
48.1378  72.0702
48.3052  72.3835
48.5642  72.8807
53.3749  81.8914
53.5859  82.2829
55.7765  86.3488
55.8382  86.4671
56.8932  88.4637
57.8821  90.2341
58.2763  90.9007
60.2999  94.2999
61.5947  96.1047
61.8641  96.4788
61.9328  96.5455
62.5886  97.3928
62.8683  97.7276
63.4857  98.4871
63.7864  98.8751
63.7923  98.8739
64.2715  99.4667
64.3831  99.6024
64.4940  99.7214
65.4769  100.9213
65.5216  100.9694
67.4871  103.3552
68.4210  104.4500
68.8522  104.9547
71.8035  108.3728
72.4548  109.1218
73.4565  110.2922
73.9643  110.8696
74.1503  111.0649
74.7305  111.6690
74.9134  111.8525
78.5173  115.3428
81.4529  118.2392
85.7872  122.8961
85.8407  122.9390
86.8362  124.0033
88.3627  125.7036
90.2693  127.8818
91.9178  129.8323
94.8419  133.4144
96.4125  135.3775
96.7800  135.8536
97.0349  136.1971
98.4281  138.0155
98.4388  138.0108
99.1957  138.9761
99.7548  139.6939
100.0594  140.0762
100.2899  140.3707
101.1375  141.4282
101.3766  141.7416
102.4254  143.0898
104.1481  145.3677
106.8888  149.3167
109.4144  153.1614
111.0016  155.7935
112.2458  157.9968
113.6543  160.5436
113.7556  160.7257
114.0699  161.2947
114.3959  161.8757
115.7635  164.3613
117.2205  167.0038
117.2757  167.1090
117.7034  167.8879
117.9042  168.2377
119.4800  171.1389
119.9315  171.9306
121.6297  175.1776
122.0197  175.9397
122.3857  176.6947
122.7615  177.4609
123.8513  179.6457
124.5366  180.9892
124.6104  181.1249
124.6962  181.2886
124.7297  181.3719
125.2827  182.4051
125.3939  182.6429
125.6807  183.1752
125.7003  183.1955
126.1255  184.0018
126.2474  184.2485
126.4520  184.6165
127.5705  186.6885
127.7316  186.9782
128.0914  187.6541
128.4611  188.3723
129.0954  189.5524
129.2717  189.9077
129.4866  190.3146
133.8404  198.5949
134.6964  200.2014
137.1521  204.6844
138.2891  206.7691
138.4887  207.1163
138.6030  207.3166
142.2200  214.0602
143.6097  216.6841
143.9117  217.2637
145.1448  219.5412
145.2780  219.7651
146.8765  222.7040
148.3866  225.4910
149.4763  227.4918
151.9748  232.0078
152.2457  232.4955
152.6240  233.1803
152.9918  233.8519
153.0060  233.8925
153.4481  234.6747
153.5251  234.7990
154.8277  237.0870
155.9226  238.9798
157.4626  241.5567
158.8029  243.8370
158.8297  243.8888
159.5897  245.1597
160.2506  246.2466
160.6288  246.8608
161.6374  248.5019
161.8447  248.8376
162.1822  249.3909
163.0723  250.8098
163.5707  251.5908
163.9243  252.1457
167.1164  257.2151
167.7198  258.1443
170.1443  261.7542
170.5230  262.3173
171.7331  264.0609
171.8803  264.2799
172.1921  264.7033
173.8237  266.8958
174.7354  268.1082
176.0204  269.7499
177.8465  272.1406
178.8338  273.4176
179.6274  274.4418
180.2921  275.3245
180.5504  275.6641
181.2247  276.5775
183.9542  280.4254
184.1692  280.7566
184.6214  281.3986
186.9860  284.7155
187.6316  285.6318
188.1325  286.3236
188.3027  286.5583
188.5931  286.9550
189.6467  288.3939
190.1841  289.1415
190.3661  289.3921
190.4744  289.5459
190.5718  289.6966
190.5919  289.7186
191.3510  290.7369
191.5949  291.0676
193.9690  294.2355
194.4390  294.8556
194.5524  295.0058
195.0124  295.5960
196.2098  297.1777
197.3054  298.5909
197.4617  298.8095
197.7923  299.2275
198.9999  300.8298
202.1995  305.2156
203.1016  306.4962
203.3695  306.8775
203.4554  306.9762
203.5131  307.0604
204.3596  308.2361
208.1587  313.3807
208.2013  313.4358
208.7348  314.1576
209.3991  315.0223
210.7336  316.7599
213.7993  320.6715
214.9012  322.0472
215.0683  322.2435
215.5096  322.8110
216.7498  324.3454
218.4158  326.4211
220.9564  329.6472
221.6897  330.5312
221.9457  330.8637
222.2757  331.2561
222.7996  331.8931
223.9491  333.3177
227.6610  337.8051
228.0096  338.2141
228.3763  338.6743
229.6993  340.2628
230.4615  341.1717
231.7303  342.6894
231.8866  342.8869
232.0009  343.0255
234.2139  345.6845
234.2990  345.8059
236.1204  348.0380
237.9710  350.3660
238.2415  350.7099
238.5270  351.0734
238.9440  351.5764
239.6920  352.5184
240.0406  352.9501
240.6087  353.6546
241.0347  354.1856
243.3113  356.9885
243.7875  357.5831
244.8108  358.8079
245.9533  360.2040
246.3025  360.6215
247.4593  362.0330
247.8016  362.4625
247.9865  362.6826
251.8510  367.2449
252.6319  368.1402
254.0025  369.7161
255.2942  371.1688
255.3527  371.2377
255.6739  371.6138
259.1633  375.6315
260.1176  376.7292
260.7429  377.4780
265.7382  383.5185
265.7419  383.4980
266.8260  384.8576
267.6257  385.8774
268.3233  386.7470
269.0439  387.6813
271.7859  391.1094
271.9573  391.3204
273.5145  393.2795
273.7186  393.5447
274.6119  394.6505
275.1610  395.3444
275.1971  395.3684
275.3346  395.5488
275.3674  395.5811
275.9289  396.2964
276.2253  396.6316
276.5615  397.0454
277.9516  398.6161
280.9504  402.0212
281.8710  403.0888
282.0692  403.3102
288.1362  410.3862
288.2099  410.4687
289.8584  412.3982
290.3936  413.0501
290.5964  413.2767
290.6691  413.3577
290.6908  413.3890
291.9869  414.9256
293.1631  416.3127
297.4773  421.6280
298.0460  422.2979
298.7144  423.1109
301.0265  425.9333
301.1042  426.0201
304.1538  429.7358
305.9518  431.9627
306.4673  432.6003
307.0017  433.2524
308.6630  435.3573
309.6955  436.6661
311.8091  439.4066
312.0074  439.6583
312.0492  439.7108
315.5066  444.2555
315.9681  444.8585
320.0079  450.2867
320.5944  451.0994
322.3954  453.5440
322.7139  453.9842
324.9668  457.0123
325.1774  457.2893
326.3932  458.9006
326.7542  459.3772
327.1971  459.9460
327.7741  460.6841
329.0028  462.2873
329.3571  462.7496
330.4440  464.1666
330.8301  464.6790
331.0657  464.9780
331.4935  465.5185
331.7835  465.9058
333.9755  468.7416
334.2337  469.0580
336.1000  471.4504
336.1149  471.4646
337.4225  473.1549
337.6044  473.3622
337.7031  473.4968
338.1443  474.0550
338.4861  474.4893
339.7555  476.1569
340.7847  477.4837
341.9770  479.0318
342.3212  479.4743
342.4809  479.6907
342.7924  480.0910
343.0473  480.4358
345.1159  483.1773
346.1248  484.5099
346.2926  484.7597
347.7178  486.6610
347.8695  486.8499
348.6249  487.8830
349.3215  488.8273
352.8636  493.6774
354.7715  496.3260
354.9737  496.6076
355.3728  497.1764
356.9195  499.3677
357.5321  500.2491
357.6035  500.3461
358.0747  501.0317
358.0951  501.0465
358.9228  502.2373
360.4807  504.5160
360.5694  504.6452
362.3273  507.2690
363.7923  509.4874
364.1747  510.0728
365.2202  511.6842
367.9753  516.0806
368.6492  517.1691
368.6753  517.2239
368.7770  517.3846
373.8020  525.6097
374.3230  526.4607
374.5698  526.8746
375.1531  527.8245
376.1312  529.4170
378.6255  533.4423
379.4700  534.8044
380.6895  536.7049
382.7184  539.8330
383.0066  540.2579
383.0982  540.4151
384.7982  543.0542
385.6437  544.3721
385.7169  544.4842
385.7243  544.4706
386.5609  545.7470
388.7528  549.1037
390.1551  551.2329
390.6791  552.0241
391.6296  553.4577
391.6797  553.5477
393.0200  555.5971
393.6422  556.5297
393.8394  556.8258
400.5125  566.8932
400.8180  567.4104
400.8266  567.4069
400.8295  567.4159
401.0345  567.6829
402.6688  570.1332
404.5504  572.9243
405.4095  574.2156
406.3719  575.6488
407.2477  576.9132
409.0441  579.5186
409.9380  580.8211
411.1329  582.5514
411.5609  583.1600
412.1882  584.0791
414.3410  587.1993
414.3536  587.2061
416.2492  589.8958
417.2773  591.3691
418.6991  593.4084
419.6720  594.8215
420.5318  596.0778
420.9854  596.7630
422.8748  599.5462
424.4694  601.9358
425.0709  602.8269
426.8533  605.4434
426.9143  605.5478
426.9335  605.5616
428.7213  608.2077
431.3189  612.0061
431.3621  612.0573
432.1794  613.2190
435.2444  617.6197
437.6980  621.1283
438.3492  622.0490
438.3811  622.0807
438.7950  622.6653
440.1752  624.6170
443.2081  628.9695
443.8461  629.8809
444.1925  630.3550
446.4642  633.5760
447.2814  634.7388
447.7978  635.4570
448.2276  636.0721
449.3731  637.7328
449.7865  638.3218
449.8316  638.3755
452.4338  642.0588
454.2658  644.6970
455.2504  646.1297
455.5890  646.6251
456.0741  647.2940
457.1576  648.8431
459.0779  651.5920
461.2561  654.7652
461.6939  655.3925
462.2619  656.2025
462.4201  656.4403
464.8728  659.9963
465.3243  660.6448
466.3462  662.1360
468.8635  665.7993
470.5787  668.3171
471.0314  668.9732
471.3528  669.4509
472.3803  670.9464
472.8666  671.6649
472.9580  671.8112
472.9703  671.8098
474.3659  673.8262
474.4797  673.9975
475.4437  675.3580
476.9313  677.4600
478.4710  679.6530
478.4887  679.6799
478.5891  679.8353
478.8210  680.1713
480.0970  681.9677
481.4410  683.8823
481.4810  683.9561
482.2934  685.0836
482.9204  685.9761
485.2208  689.1844
486.8845  691.4629
487.2373  691.9616
487.8907  692.8591
488.9975  694.3707
489.2876  694.7888
494.6718  702.0556
497.3872  705.6990
498.5024  707.2139
498.5806  707.3309
499.1615  708.1150
501.6744  711.4794
502.8866  713.0697
503.6861  714.1385
504.3999  715.0835
505.9211  717.0980
507.3763  719.0343
507.5774  719.2833
507.8811  719.6967
508.3001  720.2480
508.8458  720.9541
511.1988  724.0270
511.2536  724.1131
511.5671  724.5010
512.1064  725.2150
512.6264  725.8926
513.1715  726.5820
513.8181  727.4493
515.4920  729.6128
516.9311  731.4882
517.9645  732.8469
518.2109  733.1513
518.3206  733.2950
518.3661  733.3555
520.0001  735.4246
520.0256  735.4661
520.1705  735.6480
523.2256  739.5579
524.5218  741.2093
524.7858  741.5391
525.1346  741.9635
526.8101  744.1210
527.9640  745.5950
528.6151  746.4249
531.5488  750.2167
533.6201  752.9392
533.8110  753.1646
534.4299  753.9817
536.0821  756.1571
537.8634  758.5133
538.3167  759.1200
540.0897  761.4503
541.1512  762.8275
543.5592  765.9873
546.7156  770.1795
547.1332  770.7261
547.3816  771.0713
548.3381  772.3317
551.1167  775.9725
551.6717  776.6965
551.8690  776.9385
553.4157  778.9625
554.4650  780.3502
555.2313  781.3577
556.5105  783.0578
556.8488  783.5048
556.9469  783.6502
558.0022  785.0184
559.8088  787.4190
560.7067  788.6271
560.7908  788.7265
561.6946  789.9485
561.8198  790.1134
566.2950  796.1103
568.8427  799.5971
569.2434  800.1440
570.6717  802.0564
570.7927  802.2104
571.9380  803.7351
572.5589  804.5723
573.4221  805.7012
574.8474  807.6106
577.9256  811.7264
578.2641  812.1875
578.8435  812.9479
581.5399  816.5760
581.6861  816.7684
581.7915  816.9101
582.0164  817.2183
584.7605  820.9046
585.4038  821.7582
586.3457  823.0454
587.3321  824.3569
588.6173  826.1135
589.0744  826.7341
589.1191  826.7895
589.1705  826.8596
589.4397  827.2019
592.3476  831.1038
593.5991  832.7462
594.4413  833.8320
595.2638  834.9258
595.7630  835.5746
596.4152  836.4465
597.9937  838.5167
599.8724  840.9629
600.2854  841.4906
600.3885  841.6423
601.3081  842.8191
601.9326  843.6571
603.2797  845.4278
604.4467  846.9961
606.3888  849.5696
608.6770  852.5768
609.5903  853.7937
612.0914  857.1149
612.4020  857.5366
612.5119  857.6597
615.4795  861.5954
615.7056  861.8907
617.0147  863.6232
618.7805  865.9366
619.2389  866.5645
620.7423  868.5271
621.3258  869.2988
621.5557  869.5932
622.1325  870.3751
622.4137  870.7448
623.3641  871.9886
624.6645  873.6819
625.6232  874.9383
625.8039  875.1597
627.5121  877.3796
630.8565  881.7039
634.9290  886.9627
634.9315  886.9483
635.2121  887.3114
635.4044  887.5354
636.2132  888.5738
636.9314  889.4987
636.9688  889.5429
637.7006  890.5095
637.9631  890.8421
639.0918  892.3148
639.7982  893.2530
639.9379  893.4171
640.0269  893.5326
640.2085  893.7860
640.4673  894.1142
644.1232  898.8480
646.4834  901.9211
649.6988  906.1267
650.9015  907.7079
651.9422  909.0586
653.2947  910.8043
654.1130  911.8695
655.5441  913.7143
656.8705  915.4522
658.5231  917.5825
661.0820  920.9350
661.7193  921.7537
664.3913  925.2626
664.8769  925.9123
665.4453  926.6624
666.4688  928.0047
668.2228  930.3007
669.5273  932.0167
670.7130  933.5567
671.5441  934.6579
672.0719  935.3795
672.3100  935.6688
673.1541  936.8100
673.2839  936.9828
675.4128  939.8033
677.7283  942.9271
677.9048  943.1513
679.4449  945.1745
680.1779  946.1493
680.2548  946.2510
680.3342  946.3660
680.9937  947.2182
682.2821  948.9023
683.5952  950.6234
684.0258  951.1699
684.7270  952.0949
685.7365  953.4290
687.5217  955.7580
687.7446  956.0528
687.8178  956.1543
688.6162  957.1791
688.8741  957.5446
688.9548  957.6320
689.2374  958.0125
689.3753  958.1720
690.4700  959.6183
690.6135  959.7929
691.7107  961.2001
692.6187  962.3949
694.1620  964.3929
694.2490  964.5155
697.2764  968.4615
699.0604  970.7768
700.0874  972.1291
700.1847  972.2739
702.3506  975.1247
703.3080  976.3979
703.7614  976.9855
704.5582  978.0113
704.5910  978.0742
704.5984  978.0768
704.9558  978.5480
704.9737  978.5783
706.8812  981.0379
706.9150  981.0970
707.5066  981.8582
708.2116  982.7649
708.9817  983.7828
709.7743  984.8105
710.1449  985.2877
710.6126  985.9072
710.9151  986.2992
711.7668  987.4001
711.8300  987.4828
712.6920  988.5882
714.4539  990.8667
715.9541  992.7775
717.1765  994.3462
718.8466  996.4794
719.8937  997.8191
720.2240  998.2574
720.6045  998.7380
