0.5461  2.4309
1.3232  3.2531
1.7990  3.7717
3.1081  5.0607
3.3343  5.3248
3.6574  5.5655
4.8907  7.0491
4.9511  7.1289
5.2746  7.2810
6.3898  8.3102
6.6606  8.6128
6.8901  8.8892
8.1956  10.4465
8.2238  10.5862
8.2243  10.5114
8.3119  10.5691
9.7626  12.4161
9.8060  12.5318
10.0642  12.8082
10.7020  13.1496
11.6113  13.6582
11.7746  13.8402
13.5406  15.6530
13.5955  15.7745
15.2535  17.2364
16.9758  18.8783
17.0963  18.9960
17.6214  19.5866
17.7305  19.7645
18.2207  20.5571
18.2429  20.7223
18.3319  20.9610
18.4120  21.1059
18.5416  21.1560
19.7219  21.6802
19.8013  21.7434
20.6141  22.5669
21.1567  23.1178
22.2384  24.1131
22.4290  24.3055
22.7099  24.5940
22.8890  24.7862
23.2065  25.0841
23.5669  25.9822
23.5988  26.0126
23.7923  26.0439
24.3603  26.3127
24.9230  26.8127
25.0873  26.9693
25.7406  27.7150
25.8812  27.7861
26.8040  28.7045
27.0947  29.0309
27.5745  29.4670
28.3370  30.4164
28.3840  30.3960
28.9455  30.9093
29.4489  31.4068
30.0739  31.9972
30.3145  32.2409
31.4800  33.3935
32.1658  34.0301
33.1580  35.2574
33.9789  35.9670
34.6340  36.5629
35.9078  37.9865
37.3477  39.2180
38.2038  40.0841
40.0925  42.0235
41.0931  43.0090
41.2995  43.2374
41.9784  44.0049
43.5344  45.5486
43.8670  45.9437
43.9104  46.0693
44.4757  46.4511
44.6405  46.6246
46.9854  49.0948
47.0059  49.0931
48.2235  50.1692
49.2213  51.5046
49.5361  51.7764
49.7716  51.9865
50.1262  52.3832
50.3460  52.4642
50.9072  52.8120
51.1468  53.1461
52.2401  54.3476
52.3147  54.4133
53.1059  55.0194
53.4057  55.2750
54.1445  56.0777
54.8685  56.7380
55.1569  57.0731
55.4752  57.8332
56.5825  58.5441
57.0472  59.1595
57.8904  59.8337
59.1867  61.1950
60.6115  62.5840
61.1196  63.0669
62.0009  63.9493
62.4116  64.4980
62.5785  64.6421
64.2666  66.2925
64.7077  66.5717
65.5012  67.3953
65.6951  67.5807
66.0041  67.9262
66.7777  68.7024
67.2166  69.3568
67.2178  69.3458
67.6885  69.6507
68.2443  70.2170
68.6163  70.5916
70.3197  72.2189
70.7667  72.6511
71.7614  73.7581
72.8769  74.8608
75.4991  77.3971
76.0221  77.9481
76.6224  78.5636
76.9396  78.8918
77.2849  79.2480
77.3357  79.3241
77.6162  79.6559
77.9227  79.7889
78.8804  80.7969
79.0945  81.0168
79.4839  81.4471
80.6577  82.5874
81.2843  83.2624
81.8552  83.9294
82.0021  84.0569
82.0552  84.1647
82.6340  84.5145
84.6122  86.4994
85.2449  87.1516
85.5987  87.5841
85.7043  87.7220
86.2928  88.6631
86.4785  88.7375
86.5605  88.7225
87.6946  89.6399
87.8309  89.7215
88.9845  90.8677
89.7758  91.9234
91.0056  92.8900
92.7422  94.6331
93.1019  94.9907
93.3683  95.4275
95.9004  98.0303
96.0076  98.0708
96.3198  98.4525
96.3875  98.6867
96.5263  98.7040
97.7248  99.8082
97.7539  99.8786
98.3949  100.3292
98.7994  100.9052
99.0021  101.0413
99.4764  101.4558
99.8633  101.8624
100.5111  102.4534
100.6496  102.5504
100.9753  102.8983
101.2322  103.1261
101.8922  103.8008
102.2269  104.2427
102.5807  104.4557
103.6841  106.0730
103.7165  106.1335
103.7216  106.0407
105.2502  107.1854
105.3394  107.3045
105.5264  107.4238
106.2139  108.1415
107.2722  109.1644
109.6455  111.5456
109.8593  111.8770
109.8610  111.9292
110.3259  112.2527
110.5550  112.4989
110.7817  113.0368
110.8668  113.1444
110.9616  113.2089
111.4823  113.4718
111.6578  113.5903
112.0437  113.9474
112.5387  114.6450
112.7744  114.8283
113.7893  115.7168
114.1212  115.9937
114.5949  116.5570
114.7159  116.6493
115.2848  117.2619
116.0559  118.3258
116.0878  118.3397
116.6756  118.6619
116.9545  119.1079
117.1503  119.2118
118.5907  120.5249
118.9730  120.8873
119.6528  121.7153
120.0567  121.9338
120.3068  122.3218
121.1913  123.0709
121.4457  123.3636
122.1089  123.9728
123.9552  125.8279
124.2656  126.4156
124.3274  126.4453
124.4420  126.5309
124.7129  126.6271
125.4072  127.3005
125.7633  127.6703
125.9624  127.9821
126.0391  128.2690
126.3154  128.6717
126.4118  128.7257
126.7262  128.9050
126.8817  129.0150
127.7027  129.6042
127.9547  130.0560
128.0237  130.3058
128.0502  130.4085
128.1642  130.4793
128.9096  130.8209
129.8250  131.8831
129.8454  131.9641
130.0555  132.0782
131.0665  133.1456
131.1034  133.1866
131.4206  133.3667
131.5655  133.5608
131.6436  133.6213
132.2513  134.1297
133.1175  135.0058
133.5185  135.5271
133.6340  135.7137
133.7277  135.7977
134.1755  136.1497
136.8666  138.8042
137.2652  139.3545
137.4613  139.4458
137.7214  139.6522
137.9935  139.8937
138.4118  140.3325
138.5156  140.4326
138.7938  140.6940
140.5400  142.6039
140.6563  142.7272
141.9886  143.8875
142.1147  144.2437
142.6624  144.6546
144.1199  146.0087
145.4328  147.3889
145.7837  147.7094
146.7522  148.8250
147.5347  149.4337
148.0540  150.1285
148.1685  150.2063
148.5717  150.4560
149.4047  151.5360
149.6833  151.7678
149.8308  151.8404
150.0811  152.0329
150.5712  152.4837
152.3651  154.2677
152.5910  154.5687
152.6799  154.6771
153.5248  155.4185
154.0532  155.9252
154.4922  156.4803
155.0356  156.9303
155.6061  157.5356
155.7479  157.6215
156.1418  158.1254
156.3592  158.4342
157.3494  159.2451
158.7615  160.8025
158.8241  161.1039
158.8702  161.0961
160.5935  162.6449
161.2373  163.1030
162.7363  164.6959
162.9246  164.9993
163.5851  165.4984
164.4887  166.3665
164.8991  166.8141
165.0315  166.9879
165.5693  167.5508
165.8553  167.8410
165.9298  168.0256
165.9929  168.0870
166.2766  168.3453
167.0506  168.9819
167.2359  169.3459
167.3906  169.5456
167.4186  169.5722
168.2616  170.4270
168.2965  170.4901
168.4343  170.6307
168.6642  170.6724
169.5317  171.4775
169.6222  171.6324
170.0296  171.9778
170.3843  172.2597
170.7471  172.6546
172.1600  174.0956
172.9319  174.9813
173.0980  175.1625
173.4900  175.3691
174.5876  176.4877
175.0341  177.0053
176.0418  178.1810
179.0405  180.9310
179.1976  181.0725
179.5502  181.6322
179.5800  181.6752
180.1295  182.2276
180.6605  182.6674
181.7264  183.6236
182.0303  183.9489
182.1592  184.1928
182.2035  184.2741
182.6322  184.5742
182.9343  185.0945
183.0305  185.1872
183.3933  185.4715
183.4334  185.5328
183.8092  185.7347
184.0338  186.1513
184.0345  186.1197
184.3532  186.9613
184.4239  187.0634
184.6305  187.1063
185.2984  187.4064
185.3252  187.3974
186.1337  188.0779
186.3859  188.4294
186.5310  188.5628
187.1761  189.2433
187.4000  189.5604
189.4170  191.5777
189.6766  192.2268
189.6830  192.2480
189.8434  192.3915
189.8737  192.4494
190.2079  192.5889
190.2443  192.5971
190.7360  192.7617
190.9594  192.9110
191.0578  193.0689
191.4171  193.5480
191.5221  193.6978
192.0956  193.9778
192.2543  194.1208
192.6570  194.5854
193.1109  195.2690
193.1590  195.3219
193.3619  195.4120
193.9587  196.0058
194.0026  195.9931
194.2466  196.2325
195.8187  197.7482
196.2334  198.2524
196.4080  198.3656
197.1870  199.0701
197.6146  199.5973
198.2187  200.2008
198.7520  200.6421
199.2063  201.7665
199.2380  201.7976
199.3099  201.9567
199.4007  201.9532
199.5605  201.9983
199.6590  202.1074
200.1883  202.1821
200.9669  202.8551
202.6544  204.5739
203.8741  205.8789
203.8861  205.9239
205.0094  207.0788
205.0512  207.1283
205.2600  207.2322
205.4450  207.4608
205.5325  207.6472
206.4233  208.5321
206.4943  208.6585
206.9011  208.8495
207.0743  208.9586
208.0623  210.0149
208.1359  210.1289
208.4594  210.3250
209.2977  211.2279
209.7815  211.7399
210.9645  212.8556
211.2093  213.1696
211.3529  213.2745
211.6427  213.5854
213.1558  215.0240
213.6059  215.5353
213.7474  215.9318
213.8816  216.0770
214.1256  216.5552
214.2540  216.6728
214.5695  216.8517
214.9744  216.9770
215.3928  217.3102
216.7518  218.8919
216.9354  219.0122
217.5271  219.4774
217.9738  219.8501
218.7377  220.6158
218.9367  220.8355
220.4992  222.4087
221.9408  223.8786
222.2022  224.0938
222.3832  224.3432
222.5294  224.7934
222.5718  224.8320
223.0795  225.0143
223.8903  226.0049
223.9501  226.0007
224.8983  226.8272
225.7108  227.7429
227.2375  229.1648
227.8476  229.8972
228.2821  230.1614
229.5926  231.4839
230.0512  231.9475
230.5150  232.4480
231.4933  233.5059
232.0511  233.9821
233.0657  235.0263
233.7568  235.6975
234.3906  236.3339
234.5907  236.5118
234.7235  236.7323
235.5879  237.4919
235.9424  237.8303
236.3564  238.2551
237.7467  239.6125
238.1550  240.2982
239.6649  241.5795
240.4235  242.3628
240.7293  242.5976
240.9379  242.9388
242.5818  244.6115
242.7773  244.6965
243.0299  244.8990
246.0361  248.0931
246.2288  248.1837
247.0907  248.9861
248.3192  250.1905
248.6556  250.7398
248.8100  250.8834
250.2566  252.4120
250.4896  252.5486
251.4353  253.3221
251.5750  253.5418
252.5701  254.8836
252.6869  255.0070
252.9500  255.1340
252.9998  255.1839
253.3245  255.3606
254.9465  256.8509
255.5625  257.5133
255.9821  257.8813
257.4008  259.3752
258.8806  260.8093
259.8376  261.7873
260.3539  262.3519
260.8775  263.1798
260.9219  263.2551
262.4661  264.4245
263.3054  265.2441
263.8046  265.7984
264.6564  266.5719
265.3905  267.2749
265.6280  267.5316
267.4708  269.3740
268.4058  270.2881
268.9284  270.8660
270.7223  272.8551
270.7367  272.8631
271.6286  273.5567
271.7663  273.7763
272.6456  274.5674
272.8291  274.7108
273.9158  275.8945
275.2991  277.3232
275.3509  277.3990
276.5786  278.5216
277.1648  279.0660
278.1136  280.1194
278.5242  280.4388
280.0324  281.9828
281.2564  283.2963
282.2053  284.1376
282.5737  284.7407
282.6597  284.9133
282.8511  285.1147
282.8960  285.1837
282.9630  285.2206
283.2985  285.2989
283.6683  285.6301
284.7674  286.6427
285.3215  287.2201
286.5067  288.3911
287.6444  289.5877
287.8818  289.9434
288.7212  290.6431
288.8163  290.7701
289.0373  290.9375
289.3391  291.3012
289.5135  291.7039
289.9688  292.3004
290.2996  292.5045
290.5720  292.5933
291.1552  293.0777
291.5410  293.4842
292.1921  294.0589
292.4529  294.4697
292.8940  294.7727
294.9514  296.8157
295.2636  297.2667
295.6611  297.6048
296.6844  298.5724
297.1459  299.0108
297.8766  299.8270
299.7416  301.7313
300.0906  302.0807
300.6848  302.6292
302.2521  304.1287
302.8334  304.8220
303.3244  305.2654
304.1920  306.1255
305.1629  307.4120
305.1858  307.4737
305.7103  307.7688
306.6490  308.5682
307.3244  309.2902
307.4867  309.4555
307.9882  309.8745
308.2007  310.2658
308.7619  310.8662
308.7623  310.8274
309.0380  311.0428
309.6477  311.6853
309.9110  311.9224
310.1182  312.4736
310.1249  312.5028
310.3877  312.6510
310.4633  312.7416
310.7710  312.8701
310.9534  312.9747
311.1070  313.0758
311.9064  313.7858
312.7989  314.6688
313.0870  314.9948
313.7480  315.6817
314.3714  316.5702
314.4322  316.5752
315.8078  317.7146
316.7096  318.5985
316.9767  318.9991
317.3539  319.2629
317.4717  319.5314
317.5207  319.5472
318.1152  320.0231
318.5674  320.5191
319.4867  321.4183
321.4639  323.3746
321.5767  323.5953
321.7080  323.6726
322.0804  323.9441
322.4625  324.6604
322.6827  324.7189
323.3243  325.2557
323.6117  325.4993
324.8283  326.8142
324.9220  326.8988
325.4642  327.3551
325.9174  328.1820
325.9364  328.2772
325.9386  328.2380
326.1548  328.3637
327.2924  329.5581
327.2993  329.5117
327.4506  329.9582
327.5017  330.0585
327.6325  330.2686
330.6938  332.5960
331.0553  333.0586
331.0956  333.1395
331.4340  333.4757
331.6019  333.6663
335.5877  337.6303
335.6362  337.6586
335.9947  338.2573
336.1465  338.3468
336.2663  338.3762
338.2447  340.1185
338.5352  340.4223
338.9614  341.0258
339.7250  341.6639
340.4698  342.6365
341.9117  343.9407
341.9738  344.0453
342.3512  344.3261
342.4450  344.4139
343.5003  345.3665
343.7040  346.3082
343.7077  346.3224
343.8301  346.4589
343.9918  346.6095
344.1786  346.6069
344.3334  346.6284
345.0173  346.9495
345.4242  347.6320
345.5924  347.8663
345.7236  347.9064
346.4662  348.3894
346.5594  348.5091
347.4513  349.3653
348.3810  350.2758
348.5787  350.4956
348.8826  350.7591
350.0463  351.9309
350.4549  352.3411
350.8904  352.8712
351.1123  353.2309
351.3797  353.3559
352.1437  354.0848
353.2972  355.1793
354.1551  356.1373
354.3582  356.6564
354.4316  357.1221
354.4421  357.1702
354.4610  357.0989
354.5241  357.0769
355.2132  357.2477
355.5799  358.0072
355.6932  358.0927
355.9199  358.1343
356.5475  358.4483
356.6945  358.6376
356.9746  358.9196
357.7167  359.7429
357.9160  359.8792
358.2422  360.1893
359.1931  361.1279
359.3733  361.3206
359.7591  361.8906
359.9697  362.0522
361.1630  363.2084
361.5613  363.5067
362.0032  363.8783
363.0480  364.9389
364.1581  366.0422
365.0459  366.9608
365.5267  367.4069
365.7893  367.7206
366.8110  368.8502
367.4647  369.4337
367.5461  369.5708
368.5383  370.4522
369.0855  371.0840
369.3359  371.2961
369.5623  371.4699
369.7171  371.6660
369.8596  371.7960
370.7742  372.7263
371.2415  373.1695
371.5476  373.4829
371.9102  374.1111
371.9164  374.1540
372.0524  374.4385
372.0832  374.5063
373.5843  375.5059
374.2872  376.1980
374.9745  376.8889
375.0850  377.0543
375.2478  377.1987
375.3726  377.3315
376.4887  378.4961
376.5129  378.5256
376.9797  378.8956
377.3620  379.5362
378.4949  380.4369
378.8253  380.7064
379.3117  381.4458
379.4361  381.5490
380.6483  382.7376
381.1655  383.0337
381.6035  383.6394
381.6903  383.8689
381.8468  384.0916
382.0471  384.1446
382.4191  384.3041
383.7620  385.6712
385.5486  387.5236
386.0397  387.9521
386.9847  388.8991
388.9607  390.8828
389.1879  391.0860
389.3399  391.3420
389.5570  391.4905
389.8299  391.7911
389.9446  391.8698
390.6347  393.2460
390.6983  393.3068
390.8130  393.4036
390.9690  393.3954
391.5442  393.5394
392.0944  394.1011
392.1331  394.1246
392.5011  394.4240
393.0268  394.9034
393.3541  395.2349
393.9138  395.7859
394.1194  396.1014
394.1593  396.1396
394.4429  396.3666
394.9858  397.0304
395.0517  397.0289
395.8064  397.7285
396.5378  398.5443
398.7162  400.6115
398.8779  400.9192
398.9105  400.9734
399.7183  401.6292
400.4098  402.4996
400.5300  402.7382
401.2067  403.2056
401.4316  403.4386
401.4608  403.5162
401.6913  403.6121
402.3340  404.2742
402.5468  404.4505
403.0832  405.1771
403.1114  405.2140
403.2381  405.3157
403.7756  405.7425
403.8679  405.9649
403.9629  406.2164
404.1699  406.7522
404.2045  406.7374
404.5064  407.0169
404.7642  407.0697
405.0516  407.2836
405.3989  407.4063
406.3633  408.2768
406.6971  408.5876
407.6261  409.7874
409.9305  411.9527
410.0612  412.1327
410.8816  412.9363
410.9355  413.0141
411.2509  413.3845
411.7060  413.7181
411.7417  413.7641
412.3659  415.0125
412.4622  415.4144
412.5296  415.4647
412.6963  415.6732
412.7664  415.6457
413.7074  415.8181
414.1070  416.0121
414.6827  416.5462
416.5654  418.5839
416.6508  418.7816
416.8124  419.0318
416.8714  419.0328
417.6605  419.6541
418.8516  420.7577
419.5313  421.5130
419.7347  421.6166
420.0827  422.0286
420.3600  422.3303
420.4466  422.3923
420.6622  422.8764
420.7087  422.9331
422.0997  424.1153
422.7831  424.7970
423.1786  425.0622
424.8294  426.8098
425.1217  427.1786
425.2725  427.3435
425.4002  427.4572
426.1708  428.0799
426.3466  428.2852
427.6373  429.6246
427.7418  429.7186
427.9113  429.9170
428.5523  430.4790
428.9444  430.8115
430.8091  432.7427
431.3877  433.2978
432.1347  434.0247
432.3504  434.2438
433.9654  435.8930
434.6702  436.5735
435.0106  436.8815
435.7350  437.7623
436.4266  438.3948
437.0895  439.2002
437.2286  439.3948
437.4968  439.4679
437.6718  439.6287
437.9989  439.9922
439.3722  441.3012
440.2706  442.1701
440.8270  442.9620
441.0017  443.1214
442.4138  444.5435
442.4737  444.6618
442.5515  444.6524
443.6573  445.6037
443.8223  445.7617
444.2970  446.3167
444.3700  446.5097
444.3868  446.5274
444.6598  446.7664
445.3383  447.3373
445.8664  447.7563
446.2840  448.2174
446.8769  448.8580
447.2671  449.2004
447.7193  449.6683
448.0495  449.9153
448.2198  450.3134
448.3514  450.3809
449.5335  451.4541
449.7377  451.8686
450.1164  451.9873
450.5424  452.4534
450.7635  452.8114
450.8424  453.0198
450.9029  453.1577
450.9686  453.1249
451.8255  453.7724
453.1766  455.1013
454.8259  456.8064
455.2934  457.4561
455.4355  457.6999
455.5261  457.8059
455.6158  457.8748
455.8416  458.0254
456.1556  458.3679
456.2037  458.3147
458.2375  460.2699
458.4871  460.5941
463.5584  465.5497
463.6495  465.6431
466.8575  468.7251
467.4376  469.6987
467.4834  469.7221
468.5143  470.3986
468.9910  470.8879
470.8079  472.7407
471.2591  473.1513
472.3861  474.4187
472.3960  474.4501
472.9677  475.3766
473.0419  475.5214
473.0874  475.5081
473.2557  475.6069
473.3499  475.7263
473.8218  476.1098
473.8313  476.1324
473.8674  476.1659
474.4032  476.3763
475.5828  477.5119
476.1099  478.0035
476.9496  478.8674
477.8547  479.8341
477.9754  479.8798
478.4678  480.6430
478.4686  480.7391
478.5138  480.7308
479.9552  481.8227
481.2676  483.6990
481.3175  483.7490
481.4064  483.7023
483.5843  485.5220
483.7075  485.7226
483.7696  485.8117
484.5250  486.3901
484.9622  486.8716
486.2582  488.1770
486.5088  488.4491
486.6798  488.5998
486.8149  488.7153
487.0073  488.9551
489.3559  491.5304
489.4125  491.4832
489.7545  491.7380
489.8097  491.8533
490.1786  492.1528
490.3938  492.3453
490.6766  492.5920
491.1548  493.3182
491.1985  493.3336
491.8848  493.8622
492.1758  494.0888
492.8118  494.9713
492.8151  494.9801
492.8320  494.9772
493.6212  495.4936
494.7777  496.7757
495.1849  497.0795
496.8408  498.7464
497.4841  499.4016
497.8534  499.9790
497.8653  499.9907
497.9174  500.0266
498.3252  500.4071
498.3315  500.4211
498.6798  500.8589
498.7596  500.9141
500.4574  502.3488
500.6485  502.5766
500.7422  502.6890
502.4220  504.6039
502.4687  504.7483
502.5023  504.8186
502.5169  504.8042
503.4233  505.3681
503.7253  505.7893
503.7529  505.8279
503.9262  505.8888
504.7998  507.0456
504.9396  507.3108
504.9684  507.3335
505.3550  507.5184
507.3701  509.3806
507.6382  509.6321
507.6834  509.6803
509.2161  511.3808
509.2737  511.3609
509.6296  511.6471
509.8861  511.7761
510.0520  512.0248
510.3599  512.3249
510.6178  512.4810
511.0728  513.0713
511.9728  513.9545
512.9631  515.0611
513.1505  515.2994
513.1891  515.3527
513.3988  515.4580
513.8763  515.8737
513.9831  516.2420
514.0218  516.3850
514.1681  516.5883
514.2143  516.7524
514.2552  516.7678
514.9563  516.8361
516.6905  518.5873
516.8527  518.7998
517.9710  519.8629
519.9332  521.9078
520.3021  522.1836
520.8442  522.7133
521.9606  523.9699
522.3357  524.2174
522.9464  525.0103
522.9903  525.1775
523.3287  525.3893
523.5598  525.4932
524.3007  526.2982
524.6404  526.6622
524.8730  526.8109
526.9924  529.0703
527.1595  529.4116
527.3245  529.7028
527.3723  529.6963
528.0186  529.9058
529.2408  531.3138
529.3021  531.4928
530.6066  532.4918
531.0106  532.9256
532.0258  533.9730
533.1271  535.0092
533.6835  535.6761
533.9556  535.9427
534.5132  536.8774
534.6096  536.9531
535.8703  537.8478
535.9184  537.9879
536.1160  538.0352
536.4221  538.3460
537.2627  539.1714
537.7858  539.6554
538.3767  540.2658
539.2049  541.1324
539.3036  541.2710
539.5433  541.4759
540.6885  542.6250
540.8623  542.7458
541.3047  543.2550
541.7274  543.6314
541.8902  543.7996
542.5523  544.5122
542.8434  544.7233
544.3219  546.5689
544.3348  546.5441
544.6923  546.7646
544.8398  546.9603
544.9350  546.9897
545.5313  547.4007
545.9327  547.8555
547.0235  548.9329
547.4733  549.3750
547.8388  549.7543
549.0488  551.2408
549.1075  551.3351
549.4417  551.7268
549.5858  551.8530
549.6235  551.9511
549.6880  551.9465
550.0225  552.0820
550.2398  552.2223
551.8882  553.9596
553.3019  555.4096
553.3451  555.4597
553.8101  555.9051
553.9253  556.1883
554.1495  556.6878
554.1737  556.6944
554.2738  556.6298
554.9071  556.8008
555.2439  557.1869
556.1232  558.0561
557.4973  559.4387
557.7797  559.8686
557.7837  559.8885
558.2690  560.1889
558.4176  560.3502
559.1934  561.1140
559.3899  561.2834
560.2461  562.2357
560.3154  562.3076
560.9839  563.0017
561.0771  563.0281
562.4444  564.3587
564.1959  566.2198
566.1018  567.9977
566.3515  568.2396
567.3831  569.3334
567.6590  569.5627
568.3648  570.4685
569.4489  571.4250
571.3684  573.2836
571.9112  574.1067
573.5266  575.4619
575.3529  577.2427
577.0715  578.9998
577.3749  579.2648
577.5451  579.4326
577.8191  579.7250
578.1356  580.0325
578.4345  580.5128
581.5578  583.4912
581.6604  583.5782
582.0669  584.1844
582.2195  584.3895
583.2804  585.2142
583.4553  585.4339
584.1967  586.0804
584.6938  586.5593
585.0577  587.2361
585.0808  587.2401
586.2124  588.2037
587.7588  590.2893
587.7661  590.3999
587.8112  590.4330
587.9015  590.4627
587.9933  590.4982
588.8568  591.0223
590.7278  592.6310
591.4696  593.3523
591.6054  593.7069
592.3391  594.2198
592.4754  594.4647
592.9712  594.9884
592.9721  595.0150
593.2678  595.1603
593.5331  595.3973
593.8891  595.8420
594.6264  596.6010
594.9395  597.0049
595.0246  597.2676
595.0678  597.2864
595.5522  597.7425
595.5993  597.7356
596.1882  598.2115
596.2856  598.4655
596.2867  598.4052
596.5581  598.5078
596.7906  598.7833
596.8773  598.9665
597.2533  599.1949
597.7713  599.7867
598.7391  600.7155
598.9845  601.1567
599.1535  601.4527
600.1184  602.0476
600.3054  602.2460
600.5105  602.5224
600.5205  602.5983
601.0396  603.0000
602.3931  604.2858
602.8945  604.7875
603.0721  605.0146
603.3112  605.3173
603.3501  605.3965
603.5160  605.4821
603.9275  605.8770
604.4769  606.4141
604.7410  606.7355
605.5130  607.4014
605.9367  608.0061
605.9506  608.0031
606.6582  608.5631
606.8638  608.7414
607.6575  609.5660
608.1423  610.0159
609.4246  611.3255
610.4613  612.4378
610.8621  613.1428
610.8703  613.1222
611.5241  613.6976
611.6977  613.7064
612.3596  614.2319
612.5105  614.7179
612.5182  614.7329
612.6807  614.7255
613.0559  615.1107
613.1069  615.1456
613.9692  615.9194
615.3232  617.2285
616.3338  618.2509
619.0122  621.1077
619.2135  621.3431
619.7056  621.6776
620.4296  622.3730
620.6498  622.7173
620.6874  622.8268
620.7865  622.9915
621.2682  623.1563
622.3194  624.2928
622.6620  624.6051
622.8683  624.7593
623.1242  625.4884
623.2669  625.5923
623.3954  625.7419
623.7544  625.7777
624.9243  626.8168
625.1267  627.0906
625.2177  627.2849
626.4147  628.4326
627.5040  629.4733
628.1022  629.9873
628.4215  630.5826
628.4815  630.6571
628.8124  630.8344
629.0428  631.1434
630.0856  631.9701
630.5448  632.4741
630.6398  632.6859
630.9550  632.8820
631.8631  633.7795
632.0635  633.9574
632.2022  634.3022
632.3839  634.4922
632.9818  634.8609
633.6481  635.7632
633.6905  635.7979
634.3010  636.1748
635.6809  637.5521
635.8553  637.7501
635.9897  637.8755
636.2499  638.2951
636.5506  638.7369
636.5819  638.9854
636.7365  639.4469
636.7528  639.4587
636.9498  639.6639
637.0580  639.6742
637.4165  640.0204
637.5068  640.0896
638.0032  640.1497
638.4853  640.3679
638.8502  640.7918
639.9862  641.9181
640.1582  642.1612
640.7079  642.8735
640.7092  642.8463
641.0328  643.1301
641.3642  643.2965
641.6836  643.6084
642.1503  644.1206
642.5848  644.6802
642.8159  644.9578
643.5947  645.6065
643.6786  645.7361
646.0307  647.9175
646.2334  648.2220
646.3198  648.5618
646.3932  648.5550
647.0458  649.0375
647.0877  649.1242
647.3279  649.5369
647.9971  649.9101
648.2312  650.3516
648.2424  650.4275
648.5166  650.4949
649.5992  651.5497
650.8092  652.7739
651.3876  653.4290
652.0702  654.0764
652.1175  654.1620
652.4125  654.3487
653.0513  654.9325
653.7619  655.6303
654.0114  655.9338
654.3298  656.2358
654.7912  656.8086
654.8612  657.0882
655.2200  657.3467
655.2404  657.3510
656.3399  658.2338
656.6536  658.5417
657.2039  659.1959
657.4600  659.6135
657.4801  659.6244
658.2638  660.1598
658.6370  660.8276
660.1500  662.1765
660.8065  662.7302
661.0586  663.1295
661.3712  663.3462
662.0276  663.9570
663.1535  665.0738
663.7613  665.7389
665.2673  667.1762
666.0016  668.0163
666.2020  668.1535
666.9606  668.8302
667.4783  669.3804
667.9915  669.8792
668.6154  670.5447
670.0290  672.0133
671.4924  673.4153
672.6833  674.5847
673.6084  675.7236
673.8693  676.1806
673.9545  676.2217
674.4965  676.4673
676.2789  678.3316
676.3871  678.4833
676.5472  678.5066
677.7935  679.6775
678.4083  680.3383
678.8329  680.7594
679.7021  681.8189
679.7501  681.9546
680.9411  682.8554
682.8555  684.8189
683.3591  685.4370
684.5878  686.5079
684.8296  686.7345
684.9460  686.8595
685.1446  687.0346
685.5146  687.5030
688.6819  690.5492
689.4064  691.4357
691.0099  692.9023
691.7241  693.6749
691.8111  693.7686
692.1168  694.4621
692.1996  694.5473
692.2423  694.5675
692.7579  694.7555
693.3196  695.3311
693.4102  695.4189
693.6610  695.6037
694.6944  696.7192
694.7214  696.7800
695.7662  697.8225
695.9801  697.9637
696.2170  698.0982
696.4871  698.3825
697.4483  699.3669
699.5636  701.5151
700.0299  702.0661
700.0947  702.1747
700.4857  702.5753
700.6656  702.7765
700.8021  702.8427
701.8309  703.7650
703.3558  705.2872
704.0585  706.0018
704.2382  706.1180
704.5413  706.4904
705.1414  707.0622
705.3223  707.1905
705.8844  707.7969
706.2992  708.5449
706.6218  708.7182
711.1275  713.0187
712.5948  714.5783
713.8588  715.7780
714.3918  716.2650
714.8543  716.8169
715.5651  717.4549
715.8518  717.7821
716.3358  718.3843
716.3883  718.5453
716.6687  718.7609
717.4028  719.5559
718.6839  720.6054
719.0018  720.8971
720.2620  722.1804
721.4016  723.3186
721.9084  723.7993
722.6005  724.5352
724.3881  726.4189
724.4498  726.5578
724.7651  726.8936
726.7199  728.8344
730.7294  732.6008
731.4230  733.4099
731.9726  733.8592
732.5786  734.5946
732.6421  734.6055
732.9935  734.9559
733.5474  735.4593
734.3979  736.2656
735.3609  737.2260
735.8082  737.8577
735.9762  738.0358
736.1502  738.1395
736.3541  738.3013
738.0181  739.9659
739.1901  741.1361
739.5560  741.4328
740.2133  742.1912
740.8807  742.8795
741.0271  743.0431
741.6485  743.5943
741.8994  743.7769
742.0377  743.9811
742.2029  744.3254
742.3225  744.3643
742.7271  744.6857
742.8835  744.8995
744.0222  745.9189
744.2208  746.1134
745.4365  747.6931
745.8454  747.9387
746.3870  748.3666
746.9725  748.8537
747.2512  749.2050
747.3508  749.3481
747.9779  750.1785
748.0451  750.3466
748.1407  750.3334
749.3201  751.2758
749.6508  751.5351
749.9069  751.8477
750.1654  752.0659
750.5394  752.4165
751.1463  753.0759
751.3408  753.3892
751.4576  753.4598
752.1444  754.3437
752.1607  754.4020
752.3369  754.6506
752.4544  754.7632
752.6840  754.8880
752.8515  755.0480
753.0812  755.1590
753.4938  755.3846
753.9302  755.8828
754.1081  756.1253
756.1167  758.0041
756.4010  758.2950
756.8602  758.8468
757.2487  759.1324
757.4466  759.4997
757.4795  759.6683
758.3538  760.2640
758.6090  760.6133
759.5723  761.5603
759.6794  761.7896
759.8381  762.1424
760.4239  762.3831
760.7790  762.7021
762.0436  763.9471
762.2392  764.1906
762.4209  764.3518
762.8674  764.8647
763.1363  765.0105
763.2846  765.2153
763.3855  765.3480
763.6706  765.6898
763.8197  765.9992
764.0929  766.1431
764.1577  766.2252
765.1119  767.0014
765.4697  767.4912
765.7167  767.9082
766.9813  768.9029
768.9182  770.8455
769.3576  771.4291
769.3646  771.4268
770.1314  772.0823
770.5054  772.4997
770.8077  772.7545
771.5415  773.5552
771.5938  773.6075
771.8026  773.8458
771.9558  774.2474
771.9993  774.2598
772.7747  774.7573
772.8501  774.8147
773.2668  775.1531
774.2811  776.1591
774.4217  776.3201
774.7423  776.8854
774.9785  777.5652
775.3543  777.9814
775.4120  778.1240
775.4460  778.1259
775.7300  778.1410
776.3634  778.2350
777.0076  778.8893
777.7558  779.6310
777.9528  779.9954
778.2909  780.2111
779.7648  781.7600
781.1063  782.9832
781.6103  783.5481
782.3379  784.4640
782.3688  784.4450
782.6226  784.6149
783.3866  785.2811
783.9378  785.8563
784.2139  786.1237
784.5265  786.6202
784.5997  786.8561
784.7887  786.9255
787.0211  789.4782
787.0828  789.4779
787.6087  789.5744
788.0873  790.0202
788.1861  790.1515
788.6863  790.6471
788.8172  790.7128
788.9732  790.9114
789.2267  791.2263
789.8621  791.7948
790.1675  792.1436
791.6190  793.5296
791.8497  793.9523
792.4568  794.4186
794.1397  796.0258
796.5070  798.4351
796.9107  798.8217
797.7100  799.6117
798.7199  800.6617
800.2404  802.3486
800.2707  802.3627
801.3910  803.3097
801.8014  803.7721
802.3413  804.5946
802.4050  804.6848
802.6790  804.8611
802.8855  805.0130
803.0695  805.0713
803.8265  805.8231
803.8518  805.8610
804.9101  806.8286
805.0830  806.9912
805.8099  807.7471
806.5304  808.4517
806.9255  808.9613
807.1610  809.5589
807.1676  809.5461
807.4730  809.7955
807.9563  809.9651
808.4142  810.3300
809.0729  811.0844
809.2851  811.1761
810.2741  812.4118
810.3295  812.4077
811.3807  813.4204
811.4507  813.4497
812.0787  813.9618
813.2184  815.1222
813.5511  815.5014
813.7180  815.7608
814.4320  816.3290
815.6531  817.6877
815.8629  817.8661
816.4554  818.3939
816.6024  818.5497
816.7668  818.7032
816.9334  818.8157
817.1209  819.1894
817.2140  819.1951
817.6428  819.7667
817.8164  819.9066
819.2139  821.1583
819.3303  821.4098
819.4332  821.5136
819.6319  821.6525
820.1098  822.1281
820.7393  822.6330
820.9393  822.9102
821.6479  823.8299
821.6644  823.8135
822.1418  824.1326
823.3358  825.2922
824.0213  825.9403
825.3557  827.2601
826.2256  828.2270
826.2860  828.3137
827.4245  829.3799
828.4961  830.6124
828.5684  830.7053
828.7160  830.7833
829.2035  831.1511
830.4777  832.5431
830.5126  832.6658
831.5256  833.4716
831.9605  833.9080
832.7089  834.7684
833.7030  835.7346
833.7443  835.8522
834.0692  835.9679
834.4056  836.3066
835.3144  837.1959
835.5136  837.4687
835.8271  837.7563
837.0874  838.9820
837.3927  839.4035
837.4355  839.5233
837.6875  839.7523
838.1719  840.1108
839.3932  841.3512
839.9297  841.8072
840.1127  842.0081
840.4564  842.3871
840.8600  842.9620
840.8842  842.9388
841.8549  843.8552
841.8870  844.0041
842.3662  844.2392
842.8963  845.1729
842.8969  845.1584
843.0130  845.1161
843.3594  845.5157
845.2837  847.1936
846.0972  848.0190
846.6108  848.5465
846.7880  848.8560
846.8428  849.0158
846.9863  849.1595
847.9366  849.8572
848.1049  850.0068
848.5236  850.4505
848.7744  850.9154
848.8022  850.9368
848.9184  850.9989
850.2029  852.0866
850.6536  852.6745
851.3361  853.3641
851.3844  853.3851
852.5726  854.5273
853.6145  855.5860
854.1442  856.3857
854.1805  856.4556
854.6385  856.8363
855.4081  857.3085
856.1259  858.0249
856.4478  858.3485
856.7125  858.6401
857.8000  859.9621
858.2348  860.2728
858.3208  860.3864
858.6262  860.5554
859.2316  861.1566
859.6616  861.5570
859.8340  861.8635
860.1088  862.0438
860.3182  862.6763
860.3318  862.6821
860.4413  862.7497
862.0809  863.9804
862.5524  864.6650
862.6548  864.6825
863.3219  865.2761
863.5878  865.5966
863.9969  866.1973
864.1392  866.3237
864.9055  866.7815
866.0178  867.8912
867.2357  869.1491
867.3914  869.2826
868.1359  870.0762
868.6987  870.8034
868.9596  871.4404
868.9678  871.4345
869.0832  871.4482
870.2376  872.1613
872.7106  874.8918
872.7459  875.1183
872.9334  875.3531
872.9924  875.3399
874.7458  876.9215
874.8011  876.9720
875.9078  877.9280
875.9960  878.0393
876.6502  878.6198
876.7638  878.8092
877.5375  879.6399
877.6460  879.9394
877.6605  879.8925
878.5468  880.9176
878.5514  880.9110
879.8486  881.7185
880.7536  882.8205
882.4541  884.7035
882.4743  884.7160
882.8221  885.0290
883.0516  885.4700
883.0591  885.4710
883.2116  885.5946
883.6469  885.7854
885.7544  887.6672
885.9382  887.9496
885.9560  887.9734
886.3285  888.2696
886.5868  888.5107
887.2811  889.1746
888.0695  890.0200
888.8820  890.8436
889.1419  891.2559
889.2043  891.2914
890.4288  892.4804
891.7051  893.7541
891.7479  893.8332
891.9060  893.9730
892.7036  894.6241
892.9171  894.9230
893.5167  895.6927
893.6042  896.1128
893.6607  896.1568
894.5092  896.5346
894.6096  896.6429
895.0824  896.9503
895.4295  897.3828
895.9333  897.7973
896.3201  898.4342
896.3509  898.4894
897.4681  899.5102
897.6220  899.8829
899.9329  901.8177
900.0711  901.9858
900.4812  902.3616
901.1378  903.0468
901.4373  903.3189
901.8550  903.7693
902.2013  904.3194
902.3225  904.5410
902.4703  904.6350
902.8121  904.8542
902.9435  904.9596
903.2239  905.1111
903.4140  905.3238
903.8412  905.9874
903.8904  906.0885
904.0472  906.2839
904.1928  906.2829
904.8433  906.7703
905.3197  907.1901
906.0548  907.9611
906.2180  908.2035
906.4252  908.5795
906.4854  908.7916
906.6093  908.9933
906.7440  909.0875
907.0684  909.1163
907.3666  909.2838
907.7076  909.7905
908.1543  910.0357
908.6675  910.7015
909.0951  911.0357
909.3252  911.4526
909.3736  911.4773
909.7934  911.7072
910.3396  912.2623
910.4380  912.4731
910.8678  913.0591
911.4174  913.5288
911.4951  913.5919
911.7145  913.8838
911.8179  914.0853
911.8843  914.2401
912.4684  914.6465
913.6931  915.6507
913.7531  915.7405
913.9787  915.9083
914.3050  916.2769
914.4262  916.3453
914.8387  916.7962
915.4203  917.5355
915.4582  917.6057
915.5082  917.6271
916.3270  918.2987
916.4386  918.3618
916.8319  918.9532
918.2026  920.1103
919.2243  921.1486
919.6772  921.9745
919.7483  922.3918
919.7531  922.4609
919.8276  922.4896
920.0347  922.5439
920.2803  922.6060
921.0444  922.9402
921.4358  923.3562
923.5753  925.5745
923.8778  925.8551
924.0697  926.0452
925.9673  927.9157
926.5294  928.6458
926.5447  928.6650
927.1918  929.1327
927.8225  929.6980
928.6197  930.6635
929.4319  931.4861
929.8419  931.7913
930.2705  932.1559
931.3105  933.3762
931.3528  933.4006
931.5630  933.5169
931.7771  933.6621
932.4818  934.3522
933.2161  935.1574
933.7365  935.7597
933.9068  936.0369
934.9776  936.9121
936.4076  938.2981
938.5495  940.6356
938.6094  940.6956
939.1383  941.0062
940.6199  942.5762
941.1911  943.1929
942.1051  944.2685
943.1596  945.1493
943.2271  945.2834
944.1602  946.1357
944.3204  946.4141
944.5147  946.4953
945.0277  947.1163
945.1104  947.2148
945.5821  947.5646
945.9398  947.8392
946.5404  948.7656
946.5593  948.8327
946.7470  949.1494
946.8849  949.2067
947.0003  949.2450
947.5881  949.6014
947.7916  949.7543
948.2840  950.2030
948.8915  950.8172
949.5992  951.4827
951.7036  953.6613
952.4294  954.3130
954.1256  955.9929
954.4824  956.4312
956.3394  958.4440
956.5921  958.5594
957.1184  959.0163
957.6993  959.7155
957.7317  959.7238
958.0556  959.9850
958.3922  960.3091
958.6346  960.6124
959.0720  961.1245
959.4635  961.3285
959.7926  961.8811
961.7964  963.7444
962.5389  964.4648
963.2933  965.2218
963.4991  965.5241
964.3419  966.4803
964.3964  966.7391
964.4111  966.7105
964.4858  966.7885
964.7958  966.9714
968.1804  970.0462
968.4481  970.3770
970.5277  972.4568
970.6331  972.5874
971.1200  973.1684
971.6099  973.6413
971.9887  973.8719
972.6007  974.5070
973.3284  975.2548
973.5131  975.4575
973.7433  975.7186
975.0497  977.0520
975.4514  977.3152
976.1719  978.1097
976.4129  978.2829
977.4069  979.3202
977.7117  979.6097
978.2864  980.2624
979.0397  981.0384
979.1658  981.1658
979.5965  981.5189
979.7438  981.8178
980.3080  982.4789
980.3336  982.5436
981.1421  983.0370
981.7019  983.6255
982.0909  983.9642
983.1519  985.0921
983.3895  985.2705
983.9696  985.8856
984.0905  986.1743
986.0455  987.9827
986.3334  988.2527
986.5618  988.4413
986.8247  988.7827
987.1118  989.0083
987.4128  989.4690
987.6007  989.9591
987.6167  989.9960
988.6653  990.5812
989.0744  991.0434
990.8932  992.7783
992.4794  994.5604
992.5111  994.5755
992.9927  994.9252
993.3361  995.2823
994.4374  996.3569
994.7681  996.6882
995.2108  997.2220
995.2147  997.2297
995.9785  997.9021
997.8042  999.7134
997.9377  999.9131
