0.5461  0.6961
1.0896  1.1764
1.3232  1.4732
1.7990  2.0561
1.8419  2.0649
3.0192  3.0821
3.1081  3.2701
3.2462  3.3386
3.3343  3.5440
3.4289  3.6057
3.6574  3.8074
3.8142  3.8741
4.0111  4.0964
4.0341  4.1407
4.3076  4.3985
4.5787  4.6925
4.6077  4.7028
4.8907  5.2796
4.9480  5.2496
4.9511  5.4013
5.0338  5.2915
5.2746  5.5611
5.4118  5.5515
5.6473  5.8153
5.7785  5.8685
6.3898  6.5398
6.6606  6.8106
6.8615  7.0374
6.8901  7.1679
7.0596  7.2350
8.1956  8.6813
8.2238  8.7659
8.2243  8.7664
8.3119  8.7956
9.0169  9.1602
9.3499  9.4064
9.6045  9.6693
9.7450  10.1787
9.7626  10.6699
9.7852  10.2876
9.8060  10.8013
9.8888  10.2633
9.8952  10.4446
10.0586  10.4344
10.0642  11.0769
10.2375  10.7313
10.3241  10.8102
10.3985  11.1116
10.4553  10.9595
10.5147  11.1093
10.7020  11.3740
10.9435  11.4055
10.9443  11.2754
11.1769  11.4468
11.6113  11.8773
11.6927  11.9899
11.7746  12.1071
11.7986  12.0548
12.2862  12.3942
13.0968  13.2094
13.5164  13.8217
13.5406  13.9366
13.5955  13.9915
13.8747  14.0864
14.4665  14.6139
15.2535  15.4963
15.2991  15.4847
15.7319  15.7943
16.6554  16.7103
16.9758  17.1553
17.0963  17.2758
17.2982  17.4318
17.3752  17.4594
17.6214  17.8123
17.7305  17.9952
17.8476  18.0073
18.2207  18.7721
18.2429  18.9501
18.3319  19.2093
18.4120  19.3052
18.5070  19.1182
18.5194  19.0666
18.5416  19.3950
18.5463  19.0805
18.6096  19.1431
18.9553  19.2340
19.2198  19.5177
19.2565  19.4967
19.4294  19.5946
19.5442  19.6804
19.7219  19.9424
19.8013  20.0219
20.0916  20.1849
20.4258  20.4859
20.5830  20.7596
20.6141  20.8369
21.0558  21.2192
21.1567  21.3379
22.2384  22.3884
22.4290  22.5790
22.7099  22.8599
22.8890  23.0390
23.2065  23.3565
23.3806  23.5490
23.4363  23.8823
23.5212  24.0173
23.5669  24.1350
23.5988  24.1563
23.7923  24.2047
24.2861  24.3586
24.3603  24.5103
24.6109  24.6714
24.6818  24.7437
24.7657  24.8748
24.7750  24.8802
24.9230  25.0730
25.0873  25.2373
25.3327  25.3999
25.6150  25.7622
25.7406  25.9215
25.8812  26.0514
26.2288  26.5026
26.2673  26.4539
26.3464  26.5457
26.4649  26.5698
26.8040  26.9540
27.0380  27.1101
27.0947  27.2524
27.5745  27.7245
28.0448  28.1229
28.1237  28.2448
28.2720  28.4369
28.3370  28.6546
28.3840  28.6781
28.7734  28.8429
28.8678  29.0078
28.9455  29.1266
29.4330  29.5499
29.4489  29.6876
29.6112  29.7037
30.0739  30.2239
30.2652  30.3379
30.3145  30.4762
30.5817  30.7047
31.2137  31.2688
31.4800  31.6300
31.8841  31.9459
32.1658  32.3158
32.3947  32.4653
33.1580  33.4623
33.1868  33.5439
33.3644  33.6626
33.4590  33.6540
33.7622  33.9005
33.9011  34.0983
33.9789  34.1886
34.3168  34.4065
34.4017  34.5480
34.6340  34.7840
35.2439  35.3015
35.7083  35.7599
35.9078  36.2354
35.9532  36.1893
35.9703  36.2617
36.3857  36.4358
36.7116  36.8228
37.3477  37.5042
37.4912  37.5892
37.9273  38.0548
38.2038  38.3538
38.5990  38.7598
38.6246  38.7675
38.8496  38.9715
38.8577  39.0183
39.1093  39.1833
39.1894  39.2552
40.0925  40.2425
41.0931  41.2831
41.2031  41.3660
41.2995  41.4846
41.4809  41.5495
41.9784  42.2359
41.9810  42.1038
42.1438  42.3198
42.5491  42.6277
43.4975  43.6667
43.5344  43.7506
43.8670  44.1883
43.9104  44.2751
43.9942  44.2950
44.4694  44.5930
44.4757  44.7282
44.6405  44.8344
45.4644  45.5707
45.7842  45.8369
46.0767  46.2346
46.1655  46.2913
46.3124  46.5116
46.3984  46.5394
46.4063  46.5428
46.8429  46.9609
46.9854  47.2648
47.0059  47.2854
47.5161  47.6358
47.7992  47.8521
47.9151  47.9669
48.2235  48.3735
48.8293  48.9714
49.2213  49.7716
49.2226  49.6189
49.2474  49.7388
49.3414  49.6197
49.3442  49.6694
49.5361  50.0115
49.7716  50.2128
49.8320  50.1049
49.9395  50.1313
50.1106  50.3111
50.1262  50.6179
50.1930  50.6100
50.3365  50.5543
50.3460  50.6933
50.9072  51.0639
51.0505  51.1852
51.0903  51.3856
51.1468  51.4226
52.2401  52.5535
52.3051  52.5499
52.3147  52.6233
53.1059  53.2559
53.4057  53.5557
53.9876  54.0841
54.1445  54.2945
54.3603  54.5200
54.4112  54.5565
54.8685  55.0185
55.1569  55.3069
55.4612  55.9751
55.4752  56.0792
55.5370  55.8517
55.5450  56.1444
55.7749  56.0969
55.8009  56.2357
55.9689  56.2228
56.5161  56.6918
56.5825  56.7872
56.9325  57.0283
57.0317  57.3318
57.0472  57.3806
57.1000  57.3367
57.3960  57.5243
57.6407  57.7100
57.8904  58.0404
58.7106  58.7804
58.7465  58.8433
58.9483  59.0869
59.1009  59.2768
59.1277  59.4117
59.1867  59.4642
60.0903  60.1575
60.6115  60.7979
60.7251  60.8149
60.8223  60.9086
61.1196  61.2696
61.8736  61.9733
61.9334  62.1399
62.0009  62.2204
62.2226  62.2739
62.2851  62.4074
62.4116  62.7527
62.4310  62.5551
62.5476  62.7557
62.5785  62.8461
62.8477  62.9029
63.1667  63.2316
63.8207  63.8994
63.9134  63.9687
63.9736  64.0412
64.2666  64.5020
64.2933  64.4642
64.7077  64.8577
65.1285  65.3244
65.1455  65.4090
65.2700  65.4143
65.5012  65.6512
65.6951  65.8451
66.0041  66.1541
66.2879  66.3844
66.7777  66.9277
67.2166  67.5154
67.2178  67.5166
67.6460  67.8052
67.6885  67.8968
68.1494  68.4006
68.1613  68.3288
68.2443  68.4866
68.5984  68.7060
68.6163  68.8663
68.7560  68.9489
69.3369  69.3885
69.5834  69.6929
69.7709  69.8491
70.1674  70.2814
70.3197  70.4952
70.4441  70.5370
70.6135  70.6809
70.7667  70.9167
71.2609  71.4006
71.4370  71.5837
71.6291  71.7141
71.7412  71.8599
71.7614  72.0043
71.7934  71.9250
72.6327  72.7394
72.6592  72.7654
72.8086  73.0397
72.8769  73.1083
73.2234  73.4188
73.2709  73.4059
73.7633  73.8392
74.3269  74.4311
75.1097  75.2087
75.4066  75.4625
75.4991  75.6491
76.0221  76.1721
76.6224  76.7724
76.8936  77.0922
76.9396  77.1659
77.2849  77.5341
77.3357  77.6018
77.5680  77.8485
77.6162  77.9100
77.6574  77.8233
77.9227  78.0727
78.7810  78.8753
78.8804  79.0304
79.0945  79.2445
79.4839  79.7201
79.5477  79.7694
80.4078  80.4590
80.6577  80.8077
80.9445  81.0749
81.1805  81.3496
81.2843  81.4670
81.8362  81.9813
81.8552  82.1741
82.0021  82.3417
82.0552  82.3683
82.6340  82.7840
83.3925  83.4533
83.6065  83.6699
84.0572  84.2064
84.3803  84.5828
84.4165  84.5935
84.6122  84.7622
85.2449  85.3949
85.5987  85.8151
85.7043  86.0060
85.7490  85.9856
86.1458  86.3324
86.2014  86.6310
86.2024  86.5882
86.2357  86.7944
86.2928  86.8998
86.4785  86.9887
86.5605  87.0051
87.6946  87.8584
87.8309  87.9946
88.0580  88.1282
88.5356  88.6274
88.6907  88.7506
88.9845  89.1345
89.7315  89.9486
89.7657  89.9643
89.7758  90.1650
89.8580  90.0600
90.0263  90.2011
90.5945  90.6485
91.0056  91.1556
91.6384  91.7240
91.8994  91.9546
92.2032  92.3283
92.2123  92.4189
92.7422  92.8922
93.1019  93.2519
93.3683  93.6647
93.3725  93.6084
93.3996  93.5699
93.9727  94.0295
94.7066  94.7978
94.8741  94.9699
95.0922  95.2643
95.1507  95.2653
95.6153  95.6695
95.9004  96.2663
95.9068  96.0249
96.0076  96.3265
96.0519  96.2518
96.3198  96.6829
96.3875  96.8591
96.3889  96.8256
96.5263  96.9057
97.4019  97.5515
97.7248  98.0845
97.7539  98.1137
97.7827  98.0495
98.3949  98.5449
98.6785  98.9121
98.7603  99.0497
98.7794  98.9708
98.7994  99.1912
99.0021  99.2546
99.4571  99.6750
99.4764  99.7257
99.8304  99.9614
99.8633  100.0623
100.1219  100.2261
100.4415  100.4998
100.5111  100.6726
100.6496  100.8111
100.9753  101.1665
101.0841  101.2302
101.2322  101.3822
101.3941  101.4470
101.5299  101.6620
101.7327  101.8552
101.8922  102.0422
102.2126  102.3882
102.2269  102.4846
102.4305  102.5090
102.5807  102.7307
103.6159  103.9253
103.6488  104.1333
103.6841  104.2689
103.7165  104.2905
103.7216  104.2918
104.9540  105.0445
105.0349  105.1066
105.2502  105.4609
105.3394  105.5740
105.5264  105.7002
105.9558  106.0740
106.2139  106.3843
106.3436  106.5124
107.1632  107.2523
107.2722  107.4222
108.8904  108.9955
109.2729  109.3466
109.3183  109.5083
109.4027  109.5542
109.6455  109.7955
109.8593  110.1576
109.8610  110.1593
110.1641  110.2255
110.3196  110.4519
110.3259  110.5389
110.5550  110.7298
110.6802  110.7678
110.7627  111.0476
110.7817  111.2466
110.8668  111.3764
110.9616  111.4559
111.1027  111.4253
111.3682  111.5670
111.4823  111.6915
111.6578  111.8246
112.0437  112.1937
112.5387  112.8558
112.5546  112.8604
112.7744  113.1090
112.8202  113.1132
113.7155  113.8792
113.7893  113.9842
114.1212  114.2712
114.5949  114.7739
114.7159  114.8949
115.2702  115.4365
115.2848  115.5107
115.6700  115.7424
115.9667  116.3204
116.0275  116.2129
116.0559  116.5261
116.0878  116.5367
116.1275  116.4244
116.5417  116.6286
116.6756  116.9321
116.6786  116.8058
116.8462  117.1060
116.9545  117.3378
116.9808  117.2747
117.1503  117.4148
117.4718  117.5995
118.5907  118.7407
118.9730  119.1230
119.3883  119.4695
119.5480  119.7683
119.6269  119.8320
119.6324  119.8623
119.6528  119.9471
120.0567  120.2067
120.2773  120.4618
120.3068  120.5343
120.6585  120.7300
120.8910  121.0284
120.9265  121.0798
121.1913  121.3413
121.4457  121.5957
122.1089  122.2589
123.2479  123.3263
123.7952  123.9082
123.9552  124.1052
124.1080  124.2254
124.2361  124.3666
124.2656  124.6470
124.3274  124.7088
124.4420  124.8063
124.7129  124.9096
125.4072  125.5572
125.6454  125.7159
125.7633  125.9133
125.9624  126.2296
126.0391  126.5351
126.0980  126.4083
126.2582  126.6906
126.3056  126.8210
126.3154  126.9265
126.4118  126.9849
126.7262  127.1860
126.8817  127.2391
127.0350  127.2042
127.3194  127.4262
127.7027  127.8527
127.9547  128.3375
128.0237  128.5827
128.0502  128.6223
128.1055  128.3653
128.1642  128.6886
128.4577  128.7025
128.9096  129.0596
129.0709  129.1701
129.7395  129.8075
129.8250  130.1508
129.8454  130.2120
130.0555  130.3363
130.0639  130.2505
130.5208  130.5852
130.6299  130.6890
130.8046  130.9341
131.0274  131.2566
131.0665  131.4176
131.1034  131.4514
131.4206  131.6066
131.5655  131.8284
131.6436  131.8860
132.1044  132.2136
132.2513  132.4013
132.8041  132.9979
132.8344  133.0581
133.1175  133.2675
133.5185  133.7439
133.6325  133.8025
133.6340  133.9929
133.7277  134.0241
134.1755  134.4102
134.1777  134.3471
135.4526  135.6050
135.4633  135.6549
135.6177  135.7576
136.0956  136.1714
136.2915  136.3806
136.5026  136.6099
136.8666  137.0166
137.1763  137.2484
137.2484  137.4725
137.2652  137.5690
137.4613  137.6670
137.7214  137.8714
137.9935  138.1435
138.1838  138.2862
138.4118  138.6081
138.5156  138.7118
138.7938  138.9563
138.9313  139.0111
139.1266  139.1953
139.8589  139.9510
140.1864  140.3914
140.2782  140.4755
140.5400  140.8805
140.5516  140.8122
140.6563  140.9444
140.9898  141.0711
141.9886  142.1625
142.1147  142.4967
142.1638  142.5435
142.2469  142.5756
142.6522  142.7665
142.6624  142.8645
143.3206  143.4622
143.3521  143.5267
143.7480  143.8720
144.1199  144.2699
145.2617  145.3949
145.4030  145.5472
145.4328  145.6400
145.7837  145.9337
146.0217  146.0954
146.7522  147.0498
146.7523  147.0473
147.2111  147.2885
147.5347  147.6847
148.0540  148.3390
148.0882  148.2028
148.1685  148.4854
148.3160  148.4833
148.5717  148.7217
149.1400  149.2676
149.1465  149.2526
149.3632  149.5210
149.3768  149.5633
149.3847  149.6076
149.4047  149.8189
149.5546  149.7606
149.6833  149.9972
149.8308  150.1150
150.0243  150.1956
150.0811  150.2940
150.5712  150.7212
150.9844  151.0387
151.1688  151.2318
151.2389  151.3145
151.3897  151.4526
151.5040  151.5791
151.8053  151.8558
152.3651  152.5151
152.5910  152.8021
152.6799  152.8910
153.0937  153.2083
153.1600  153.3331
153.2518  153.3739
153.5248  153.6748
153.7436  153.9088
153.7573  153.8810
154.0532  154.2032
154.4922  154.7618
154.5227  154.7677
155.0356  155.1856
155.6061  155.7644
155.7479  155.9061
156.1418  156.3849
156.2304  156.4754
156.3025  156.6170
156.3592  156.6596
156.9695  157.0346
157.3494  157.4994
157.6146  157.7459
157.7775  158.0078
157.8119  157.9256
157.9006  158.0087
158.2393  158.2974
158.3208  158.4715
158.4059  158.5157
158.7615  159.0862
158.8241  159.2741
158.8702  159.3202
158.9940  159.3375
159.7437  159.8031
159.8257  159.9009
160.2308  160.2831
160.5935  160.8951
160.6369  160.7754
160.7185  160.8839
160.8059  160.9136
161.0280  161.0974
161.2373  161.3873
161.5192  161.6497
161.6791  161.8681
161.7271  161.8568
162.1497  162.2004
162.5163  162.7341
162.5817  162.8569
162.7363  162.9716
162.9246  163.2275
162.9629  163.2304
163.2537  163.5504
163.2651  163.5736
163.3247  163.5156
163.5851  163.7351
163.7888  163.8869
164.4887  164.6387
164.8991  165.0667
165.0315  165.1991
165.4350  165.5043
165.5216  165.5778
165.5693  165.7755
165.6073  165.7111
165.8553  166.1247
165.9298  166.2738
165.9929  166.3340
166.2766  166.5766
166.3900  166.6096
166.4087  166.6812
167.0506  167.2006
167.2359  167.5617
167.2911  167.7125
167.3906  167.8217
167.4186  167.8311
168.2616  168.6590
168.2965  168.7730
168.3744  168.7013
168.4343  168.8909
168.6642  168.9488
169.4041  169.4736
169.5317  169.7412
169.6222  169.8317
169.9134  170.0907
170.0296  170.2101
170.3843  170.5343
170.7471  170.8971
171.2065  171.2827
171.3686  171.4365
172.1600  172.3100
172.5087  172.5827
172.8104  172.9019
172.9319  173.2562
172.9812  173.2666
173.0980  173.4268
173.1305  173.3784
173.4900  173.6400
174.5876  174.7423
174.7329  174.8364
175.0341  175.2084
175.1598  175.2926
175.3024  175.3610
175.8318  175.9092
176.0418  176.4034
176.0722  176.3991
176.1231  176.4303
176.7121  176.8250
176.9293  177.1566
176.9402  177.1152
178.6803  178.7392
179.0405  179.1905
179.1976  179.3476
179.5502  179.8802
179.5800  179.9219
179.7008  179.9040
180.1196  180.4407
180.1295  180.4903
180.2421  180.4416
180.2599  180.4544
180.6605  180.9069
180.6831  180.8760
181.0147  181.1730
181.0170  181.2024
181.2363  181.3645
181.3659  181.4540
181.7264  181.8972
181.8557  181.9656
182.0303  182.2014
182.1592  182.4571
182.2035  182.4803
182.6322  182.7822
182.9343  183.3400
182.9377  183.1500
183.0305  183.4724
183.1145  183.5412
183.3933  183.7491
183.4334  183.7625
183.8092  184.0210
183.8590  183.9826
184.0338  184.3457
184.0345  184.3478
184.3082  184.6246
184.3450  184.9018
184.3532  185.1568
184.3551  184.8385
184.4239  185.2152
184.4684  185.1765
184.6305  185.2874
184.6405  184.9617
185.0529  185.3241
185.2984  185.5973
185.3252  185.6113
185.8790  186.0081
186.1337  186.2837
186.3859  186.6314
186.4738  186.7789
186.5310  186.8217
187.0313  187.1262
187.1761  187.4418
187.2516  187.4010
187.3186  187.7051
187.4000  187.8150
187.5588  187.8019
187.5859  187.8438
188.0558  188.2016
189.0088  189.1115
189.3598  189.4226
189.4170  189.8434
189.4277  189.6532
189.5695  189.7867
189.6407  190.2274
189.6766  190.4956
189.6830  190.5052
189.8434  190.6702
189.8737  190.6930
190.1351  190.6324
190.2079  190.8648
190.2443  190.8760
190.7360  190.9955
190.9594  191.1970
191.0578  191.2774
191.4077  191.6442
191.4171  191.8110
191.5165  191.7373
191.5221  191.8981
191.8271  191.9268
191.9494  192.0903
192.0956  192.2456
192.2543  192.4043
192.6570  192.8591
192.7399  192.8442
193.0993  193.3754
193.1109  193.5402
193.1590  193.5883
193.3619  193.6560
193.9587  194.2149
194.0026  194.2709
194.2466  194.4726
194.3449  194.4895
194.7104  194.8322
195.4046  195.4939
195.5665  195.6173
195.8187  195.9687
196.1478  196.2024
196.2334  196.4984
196.2805  196.4443
196.4080  196.6092
197.1870  197.3370
197.6146  197.8314
197.6574  197.7909
198.1074  198.1783
198.2187  198.4051
198.3324  198.4600
198.7520  198.9052
198.8989  198.9873
199.0521  199.1609
199.1628  199.3496
199.2063  199.9877
199.2358  199.5571
199.2380  200.0650
199.3099  200.1369
199.3390  199.6347
199.4007  200.1910
199.5605  200.2712
199.6590  200.3057
200.1883  200.4571
200.3650  200.5180
200.9669  201.1169
201.1491  201.3342
201.2034  201.4253
201.4077  201.4864
201.4865  201.6160
201.6772  201.7835
201.8178  201.9482
202.6544  202.8044
203.0886  203.1573
203.2541  203.3068
203.5516  203.6489
203.6262  203.6892
203.8741  204.1621
203.8861  204.1741
204.7967  204.9247
205.0094  205.2715
205.0512  205.3550
205.2600  205.4739
205.4450  205.7006
205.5325  205.8697
205.6580  206.0183
205.8007  205.9785
205.9368  206.0999
205.9675  206.1122
206.4233  206.7679
206.4943  206.9403
206.5224  206.8633
206.5370  206.7394
206.8113  206.9484
206.9011  207.0883
207.0743  207.2313
207.2442  207.3783
207.5777  207.6755
208.0623  208.2886
208.1359  208.3623
208.4594  208.6094
208.6179  208.7421
209.2977  209.4477
209.7597  209.8706
209.7815  209.9760
210.0687  210.1386
210.3096  210.4924
210.3422  210.5831
210.3667  210.5169
210.7195  210.9189
210.7365  210.9574
210.9645  211.1145
211.1520  211.2126
211.2093  211.3690
211.3529  211.5109
211.6427  211.7927
211.8141  211.8908
212.1546  212.2063
213.1558  213.3058
213.6059  213.8161
213.7185  213.8635
213.7474  214.1956
213.8366  214.2003
213.8816  214.3391
214.1256  214.7804
214.2540  214.8865
214.2718  214.7567
214.3396  214.6561
214.4386  214.7670
214.4400  214.8176
214.5695  215.0511
214.8809  215.0787
214.9744  215.1893
215.3928  215.5428
216.3619  216.4498
216.3791  216.4691
216.7518  217.1149
216.7534  216.9184
216.9041  217.1859
216.9354  217.2406
217.5271  217.6771
217.7770  217.9712
217.7992  217.9417
217.9738  218.1315
218.1161  218.1814
218.7377  218.8877
218.9367  219.0867
219.1371  219.2135
219.3282  219.4558
219.7677  220.0290
219.7687  220.0864
219.7725  220.0371
220.3751  220.4988
220.4992  220.6492
220.7420  220.8417
221.9408  222.0908
222.2022  222.3522
222.3832  222.6266
222.4957  222.7031
222.5283  222.8749
222.5294  223.0645
222.5718  223.0887
222.6046  222.9450
222.9914  223.1336
223.0795  223.2581
223.8903  224.1868
223.9501  224.2466
223.9509  224.1197
224.6652  224.7627
224.8983  225.0483
225.6854  225.8535
225.7108  225.9853
225.8015  225.9425
226.1289  226.2162
227.2375  227.3875
227.5438  227.5975
227.8259  227.9990
227.8406  228.0016
227.8476  228.0998
228.2821  228.4321
228.9766  229.0852
229.2546  229.4291
229.2709  229.4559
229.4443  229.5835
229.5926  229.7426
230.0512  230.2012
230.5150  230.6650
231.4644  231.6591
231.4933  231.7262
231.8372  231.9518
232.0511  232.2011
232.4151  232.6425
232.4307  232.6143
233.0657  233.3037
233.1278  233.3114
233.7568  233.9786
233.8351  234.0466
234.1253  234.2373
234.3906  234.5406
234.5907  234.7579
234.7235  234.9596
234.8025  234.9404
235.1076  235.2230
235.1978  235.2740
235.5879  235.7379
235.9424  236.0924
236.3564  236.5064
236.9622  237.0216
237.1861  237.2398
237.4955  237.6386
237.6267  237.6976
237.7467  237.8967
238.1525  238.5216
238.1550  238.5320
238.1627  238.4251
238.6759  238.7455
239.4396  239.5382
239.6649  239.8149
240.2542  240.3608
240.2574  240.3662
240.4235  240.5735
240.7293  240.8793
240.9379  241.1549
241.0035  241.1376
241.3010  241.4123
242.1359  242.2185
242.5818  242.8610
242.6103  242.8005
242.7773  242.9730
243.0299  243.1799
243.2130  243.3092
243.2710  243.4297
243.3364  243.4354
243.9464  244.0677
244.2694  244.3681
245.6211  245.7032
245.8805  245.9985
245.9719  246.2168
246.0361  246.3241
246.2288  246.4264
246.5208  246.6421
247.0907  247.2407
248.3192  248.4692
248.6556  249.0136
248.6803  248.8604
248.6936  248.9164
248.8100  249.0837
249.1701  249.2826
249.3291  249.3857
249.8930  250.0173
250.0371  250.0946
250.0979  250.1840
250.2139  250.3199
250.2348  250.4710
250.2566  250.6697
250.3749  250.7293
250.4896  250.7895
251.2017  251.2915
251.4353  251.5957
251.5750  251.7932
251.5954  251.7112
251.7977  252.0340
251.8608  252.0403
252.5029  252.7699
252.5452  252.9069
252.5701  253.1168
252.6869  253.2336
252.7816  253.0195
252.9500  253.4166
252.9998  253.4539
253.3245  253.6047
253.3473  253.5302
254.2606  254.4364
254.3106  254.4223
254.7119  254.8039
254.9465  255.0965
255.3079  255.3806
255.5625  255.7125
255.7417  255.8850
255.8952  255.9777
255.9821  256.1321
256.3007  256.3721
256.4867  256.6048
256.7772  256.8279
256.9290  257.0614
257.1113  257.2295
257.4008  257.6057
257.4057  257.5156
258.0931  258.2044
258.5261  258.5842
258.7462  258.8041
258.8806  259.0306
259.1723  259.3218
259.2271  259.4672
259.2323  259.4143
259.3372  259.5329
259.3760  259.5446
259.4259  259.5996
259.6192  259.7061
259.8376  259.9876
260.0217  260.0733
260.3269  260.4924
260.3539  260.5731
260.8220  260.9653
260.8775  261.4433
260.9219  261.5320
260.9799  261.3441
261.0427  261.5379
261.1971  261.6538
261.2622  261.7134
261.5456  261.7279
262.0192  262.1345
262.1494  262.2740
262.3628  262.5120
262.4661  262.6390
263.0746  263.1982
263.3054  263.5211
263.3898  263.5236
263.8046  264.0357
263.8736  264.0437
264.6081  264.7159
264.6564  264.8362
265.0051  265.1200
265.3905  265.5405
265.6280  265.7780
267.4708  267.6208
267.7020  267.7853
267.8610  267.9997
267.8692  267.9783
268.1128  268.1732
268.4058  268.5558
268.9284  269.0784
269.2591  269.3688
269.4652  269.5700
270.7223  271.0334
270.7367  271.0622
270.9569  271.1316
271.6286  271.7909
271.7663  271.9953
271.8086  271.9422
272.6456  272.7956
272.8291  272.9791
273.4641  273.5906
273.9158  274.0936
274.0380  274.1806
274.6782  274.7619
275.1400  275.2309
275.2991  275.5473
275.3509  275.6189
275.5810  275.7821
275.6139  275.7391
275.8450  275.9578
276.1959  276.2989
276.5786  276.7286
276.7290  276.7849
276.7983  276.9032
276.8439  276.9350
277.1648  277.3148
277.4135  277.5077
277.4197  277.5608
277.9361  278.0319
278.0024  278.1819
278.1136  278.3822
278.2133  278.4053
278.5242  278.6742
279.3748  279.5181
279.5705  279.6906
279.8378  279.9530
280.0324  280.1824
280.2801  280.3869
280.7815  280.9303
281.1582  281.2148
281.2359  281.4442
281.2564  281.5003
282.0268  282.1297
282.2053  282.4079
282.2186  282.3238
282.4652  282.6317
282.5737  282.9831
282.6389  282.8279
282.6597  283.1694
282.8511  283.3971
282.8960  283.4420
282.9630  283.4755
283.2985  283.5692
283.6527  283.7645
283.6683  283.8664
283.9754  284.0340
284.3895  284.5405
284.4624  284.6346
284.6699  284.7867
284.7674  284.9271
285.3215  285.4715
285.8096  285.9101
285.9048  285.9829
286.1270  286.1967
286.5067  286.6744
286.6391  286.7847
286.8694  286.9301
287.6444  287.8350
287.7537  287.9713
287.8818  288.1522
287.9804  288.1319
288.7212  288.9262
288.8163  289.0212
289.0373  289.1873
289.3391  289.4987
289.4795  289.5690
289.5135  289.9827
289.6014  290.2406
289.6142  290.2644
289.6451  290.2056
289.7662  290.0510
289.9688  290.5266
290.0717  290.5889
290.2996  290.7689
290.4318  290.7516
290.5720  290.8518
291.0468  291.1065
291.1552  291.3052
291.5410  291.6910
291.9335  292.0178
292.1921  292.3421
292.4529  292.7408
292.4625  292.7383
292.8940  293.0440
293.5874  293.6405
294.1742  294.2701
294.4771  294.5356
294.7031  294.8519
294.9514  295.1014
295.2604  295.3836
295.2636  295.5183
295.4290  295.5361
295.6611  295.8111
296.1672  296.2328
296.5471  296.5985
296.6844  296.8344
296.9281  297.0387
297.1459  297.2959
297.3541  297.4592
297.8766  298.0266
298.3465  298.4047
298.5673  298.6464
298.6766  298.7695
298.7910  298.8622
298.9976  299.0696
299.5473  299.6112
299.7416  300.0096
299.7686  300.0045
300.0660  300.2246
300.0906  300.3538
300.1464  300.2909
300.5336  300.6432
300.6848  300.8348
300.8943  300.9758
301.5940  301.6774
302.2521  302.4021
302.7176  302.7692
302.8334  303.0472
302.9196  303.1118
303.3244  303.5150
303.4338  303.6208
303.8601  303.9340
304.1920  304.3420
304.7806  304.8576
304.9269  305.0577
305.1629  305.6834
305.1858  305.7387
305.1878  305.4465
305.2709  305.5469
305.2835  305.6361
305.5366  305.8871
305.7103  306.0029
305.8046  305.9586
306.0317  306.1386
306.1054  306.1727
306.2227  306.3707
306.5581  306.7331
306.6490  306.8411
306.9892  307.1118
307.3244  307.5113
307.4457  307.5609
307.4867  307.6779
307.7214  307.7732
307.9882  308.1382
308.2007  308.4967
308.2429  308.4765
308.3621  308.5946
308.7619  309.0733
308.7623  309.0741
309.0380  309.3180
309.1057  309.3179
309.5094  309.8053
309.5350  309.7145
309.6477  309.8876
309.9110  310.1852
309.9759  310.3566
310.1182  310.7233
310.1218  310.4868
310.1249  310.7293
310.3877  310.9043
310.4633  310.9421
310.7710  311.1041
310.9534  311.2505
311.1070  311.3288
311.9064  312.0564
312.2669  312.3436
312.7989  312.9489
313.0870  313.2370
313.2692  313.3201
313.3456  313.5129
313.3672  313.6563
313.3852  313.6452
313.6766  313.8836
313.7480  313.9658
314.1250  314.3594
314.1312  314.2830
314.1943  314.3572
314.2382  314.6198
314.3714  314.7340
314.4322  314.7643
315.1634  315.3556
315.1907  315.3743
315.5141  315.6024
315.6717  315.7552
315.8078  315.9578
316.2851  316.3670
316.4493  316.5939
316.7096  316.8596
316.9767  317.2000
317.0065  317.1329
317.1798  317.3471
317.2078  317.3195
317.3539  317.5439
317.4717  317.7795
317.5207  317.8039
318.1152  318.2839
318.2465  318.3164
318.5674  318.7174
319.2975  319.5164
319.3224  319.4344
319.4867  319.6515
320.6251  320.7636
320.7720  320.8447
321.4639  321.6512
321.5767  321.8198
321.7080  321.9139
322.0804  322.2304
322.2881  322.3492
322.3630  322.4225
322.4188  322.6098
322.4625  322.8974
322.4778  322.7975
322.6633  322.8784
322.6827  322.9822
323.2972  323.4135
323.3243  323.5189
323.6117  323.7617
324.8283  325.0347
324.9220  325.1283
325.1980  325.2665
325.4642  325.6142
325.9174  326.4209
325.9364  326.4969
325.9386  326.5001
326.1548  326.5827
326.2476  326.5211
326.9642  327.0601
327.2924  327.7504
327.2993  327.7851
327.4506  328.1635
327.5017  328.2761
327.5930  328.3860
327.6325  328.4748
327.8762  328.6942
328.0285  328.7233
328.1596  328.7478
328.2035  328.6604
328.2858  328.7636
329.1293  329.3786
329.1747  329.3901
329.4314  329.5449
329.6761  329.7766
330.6938  330.8438
331.0553  331.3150
331.0956  331.3553
331.4132  331.5459
331.4340  331.6844
331.6019  331.8754
331.6652  331.8425
332.7870  332.8479
333.8073  333.9079
334.4160  334.4748
334.7117  334.7676
334.8392  334.9177
335.5877  335.8393
335.6362  335.8877
335.9594  336.3291
335.9947  336.4784
336.1120  336.4875
336.1465  336.6217
336.2663  336.6517
337.3047  337.4386
338.1221  338.2558
338.2447  338.4003
338.4266  338.4977
338.5352  338.6852
338.9614  339.2288
339.0362  339.2121
339.0854  339.2575
339.3757  339.4281
339.7250  339.8750
340.4698  340.8527
340.5205  340.8213
340.5406  340.8771
340.6266  340.8440
340.9230  341.1726
340.9521  341.1889
341.3934  341.4955
341.5280  341.6048
341.6141  341.7602
341.9117  342.1580
341.9738  342.2707
342.1329  342.2592
342.3512  342.5574
342.4450  342.6514
342.6510  342.7233
342.8018  342.9047
342.8480  343.1079
342.9129  343.2084
342.9659  343.2935
343.0117  343.2361
343.5003  343.6520
343.6486  344.0015
343.7016  344.2663
343.7040  344.5319
343.7077  344.5393
343.8301  344.6922
343.9918  344.8167
344.0805  344.8020
344.1786  344.8842
344.3334  344.9080
344.9255  345.0102
345.0173  345.1673
345.3442  345.5102
345.4242  345.9161
345.4673  345.9830
345.5924  346.1453
345.6132  346.1084
345.7236  346.1798
346.4662  346.6730
346.5594  346.7662
347.4513  347.6512
347.5513  347.6597
348.3810  348.5310
348.5787  348.7287
348.8176  348.8791
348.8826  349.0326
349.2000  349.2834
349.3007  349.3781
349.4970  349.5729
349.5999  349.6895
350.0463  350.1963
350.4549  350.6049
350.8904  351.1557
350.9508  351.3247
351.1000  351.3073
351.1123  351.4296
351.3797  351.5546
351.9709  352.1162
352.1437  352.2937
352.8903  352.9863
352.9142  353.0218
353.2972  353.4472
353.7838  353.8729
353.8759  353.9970
353.9149  354.0522
354.1551  354.3569
354.2241  354.3277
354.3582  354.8782
354.4316  355.2819
354.4365  355.2384
354.4421  355.3035
354.4610  355.3224
354.5241  355.3603
354.7076  355.0534
355.2132  355.5116
355.2617  355.4119
355.4961  355.8869
355.5018  355.9275
355.5799  356.2359
355.6521  356.0831
355.6732  355.9949
355.6932  356.3359
355.9199  356.4137
356.1164  356.4210
356.5475  356.7005
356.6945  356.8475
356.9746  357.1246
357.4995  357.6240
357.6864  357.8572
357.7167  357.9579
357.9160  358.0870
358.1498  358.2776
358.2422  358.4099
358.5863  358.6608
359.1931  359.3431
359.3733  359.5992
359.4474  359.6667
359.7127  359.9015
359.7591  360.1333
359.8426  360.1765
359.9697  360.2503
360.4199  360.4902
360.6595  360.7520
361.1630  361.4868
361.1759  361.3795
361.2322  361.4744
361.5613  361.7113
362.0032  362.1532
362.5284  362.6537
362.8459  362.9426
363.0480  363.1980
363.4987  363.5557
364.1581  364.3081
364.3630  364.5314
364.3877  364.5001
364.9536  365.1257
365.0459  365.2358
365.5267  365.6767
365.7893  365.9393
366.7364  366.8064
366.8110  367.0702
366.8224  367.0409
367.4647  367.6834
367.5461  367.7682
367.7612  367.8319
367.8428  367.9715
368.4522  368.5393
368.5383  368.6888
369.0855  369.3492
369.1262  369.4246
369.3359  369.5325
369.5623  369.7123
369.7171  369.8747
369.8596  370.0171
370.2877  370.3690
370.7742  371.0016
370.8468  371.0697
371.1267  371.1974
371.2415  371.3915
371.5476  371.6976
371.7547  371.8714
371.9102  372.3855
371.9164  372.4116
372.0524  372.6836
372.0832  372.7143
372.1845  372.7336
372.4056  372.7158
373.2275  373.2995
373.5843  373.7343
373.9474  374.0411
374.2872  374.4372
374.6895  374.7707
374.7106  374.8748
374.9745  375.1639
375.0850  375.3012
375.2478  375.4764
375.3726  375.5745
375.6079  375.7220
375.6833  375.7604
376.1625  376.2168
376.2443  376.3267
376.4887  376.7646
376.5129  376.7887
376.8050  376.9759
376.8453  377.0208
376.9797  377.1502
377.2634  377.5821
377.2783  377.5284
377.3620  377.7480
377.4526  377.7491
377.7651  377.9000
377.9475  378.0194
378.2494  378.3078
378.4266  378.5286
378.4949  378.6617
378.6837  378.7587
378.8253  378.9753
379.3080  379.6631
379.3117  379.6874
379.4361  379.7496
380.1438  380.2862
380.4760  380.5483
380.5285  380.6250
380.6262  380.8268
380.6483  380.9860
380.7137  381.0076
381.1655  381.3155
381.4103  381.5454
381.6035  381.8372
381.6903  382.1545
381.7755  382.0987
381.8468  382.2905
381.9227  382.1382
382.0471  382.3469
382.4191  382.5691
383.5404  383.5939
383.7620  383.9120
384.5772  384.6545
384.6443  384.7669
384.7973  384.9066
385.1335  385.2360
385.4309  385.5147
385.4630  385.6519
385.5486  385.7502
386.0397  386.2056
386.1738  386.2551
386.4104  386.5042
386.4214  386.5958
386.9847  387.1347
387.1722  387.2242
387.2286  387.2872
387.4137  387.5968
387.4752  387.6734
387.9549  388.0639
388.0346  388.1696
388.4404  388.5407
388.4743  388.6185
388.9607  389.1107
389.1879  389.3379
389.3399  389.5799
389.4075  389.6838
389.5570  389.7742
389.8299  390.0152
389.9446  390.1299
390.2185  390.2805
390.4840  391.0348
390.5201  390.7496
390.5226  390.9818
390.6347  391.4199
390.6551  391.0005
390.6983  391.4749
390.8130  391.5386
390.9690  391.6081
391.0388  391.5967
391.5442  391.7670
391.7027  391.8481
392.0944  392.3556
392.1331  392.3944
392.5011  392.6719
392.6303  392.7224
393.0268  393.1768
393.3541  393.5041
393.7325  393.8263
393.8312  393.8996
393.9138  394.0638
394.1194  394.3795
394.1593  394.4194
394.4429  394.5929
394.6096  394.7061
394.8080  394.8865
394.9858  395.2199
395.0517  395.2858
395.8064  395.9564
396.5345  396.6721
396.5378  396.8118
396.6981  396.8357
397.2291  397.3153
397.3912  397.4448
397.4868  397.6180
397.6001  397.6851
397.6933  397.8114
397.7397  397.8941
398.7162  398.8662
398.8779  399.1999
398.9105  399.2491
399.0362  399.2331
399.5445  399.5986
399.7183  399.8683
400.3132  400.3670
400.4098  400.7343
400.4745  400.7833
400.5300  400.9500
400.6072  400.8620
400.8190  401.0361
401.2067  401.4117
401.2590  401.3690
401.4316  401.7080
401.4608  401.7664
401.6913  401.8816
401.9055  402.0131
402.2010  402.2799
402.3340  402.4840
402.5468  402.6968
403.0832  403.4134
403.1114  403.4699
403.2381  403.5332
403.7756  403.9936
403.8679  404.2126
403.9629  404.4526
404.1501  404.4316
404.1598  404.8588
404.1699  404.9793
404.2045  405.0075
404.4162  404.9819
404.5064  405.2351
404.6333  405.2149
404.7642  405.3522
405.0516  405.4872
405.2843  405.4728
405.3989  405.6054
405.8231  405.8749
406.1544  406.2725
406.3633  406.5133
406.6971  406.8471
407.2934  407.4317
407.5121  407.9277
407.5317  407.9348
407.6261  408.0070
407.7072  407.9483
408.1619  408.2142
408.5556  408.6673
408.8355  408.9452
409.0557  409.2526
409.0730  409.2580
409.2665  409.3920
409.8530  410.0182
409.9305  410.1883
410.0612  410.3839
410.1858  410.4265
410.3182  410.4884
410.6022  410.6626
410.8212  410.9032
410.8816  411.1705
410.9355  411.2595
411.1071  411.4369
411.2509  411.6637
411.2630  411.5858
411.2892  411.6414
411.7060  411.9752
411.7417  412.0466
411.9604  412.1169
412.0683  412.1452
412.3659  413.2885
412.3856  412.6457
412.4238  413.3371
412.4622  413.6454
412.4974  412.9507
412.5296  413.7245
412.5520  413.2946
412.6717  413.2205
412.6963  413.8493
412.7551  413.4586
412.7664  413.8785
412.9105  413.5699
412.9714  413.8630
413.4458  413.9493
413.7074  414.0275
414.1070  414.2984
414.2156  414.3785
414.4070  414.4692
414.6827  414.8327
415.2529  415.4189
415.3434  415.4358
415.4303  415.5233
415.7258  415.7875
415.7988  415.8551
416.1809  416.2838
416.3473  416.4009
416.5654  416.7822
416.6508  417.0381
416.7757  416.9308
416.8124  417.1976
416.8714  417.2172
417.6605  417.9043
417.6910  417.8787
418.0703  418.1499
418.8516  419.0016
419.0511  419.1843
419.2294  419.3357
419.3742  419.6228
419.4358  419.6208
419.5313  419.7492
419.7347  419.8920
420.0827  420.2327
420.3600  420.5734
420.4466  420.6600
420.6622  421.1586
420.6671  421.1651
420.7087  421.2122
420.8509  421.2563
421.6307  421.7297
422.0997  422.3383
422.1180  422.2951
422.5392  422.6231
422.7550  422.8395
422.7831  423.0357
422.8869  423.0383
423.1786  423.3286
424.3753  424.4418
424.5984  424.6619
424.6508  424.7265
424.8294  425.0172
424.9415  425.0743
425.1217  425.4001
425.1859  425.4156
425.2725  425.6201
425.4002  425.6627
426.0422  426.0975
426.1708  426.3235
426.3181  426.4428
426.3466  426.5447
427.5078  427.5964
427.6373  427.8328
427.7418  427.9820
427.9113  428.1573
427.9257  428.0846
428.4188  428.4839
428.5523  428.7616
428.6430  428.7665
428.9444  429.0944
429.4780  429.5381
429.9976  430.0738
430.2554  430.3350
430.8091  430.9591
431.2122  431.2845
431.3877  431.5597
431.5158  431.6334
431.7519  431.8118
431.8373  431.9616
432.1347  432.2847
432.3504  432.5004
433.2783  433.3949
433.4465  433.5005
433.8212  433.9446
433.9654  434.1154
434.3210  434.4545
434.6354  434.7462
434.6702  434.8582
435.0106  435.1606
435.6707  435.8837
435.7350  435.9593
436.2341  436.4380
436.2616  436.4505
436.4266  436.6389
436.4386  436.5435
436.9444  437.0141
437.0734  437.2364
437.0895  437.4412
437.2286  437.5938
437.2941  437.5375
437.4968  437.7323
437.6718  437.8521
437.9989  438.2245
438.0075  438.1587
438.5162  438.5840
438.7886  438.8978
438.9814  439.0659
439.1216  439.2175
439.3722  439.5671
439.4773  439.5829
440.2706  440.4206
440.7865  441.0672
440.8270  441.1678
441.0017  441.4081
441.1200  441.4508
441.1495  441.3647
442.0667  442.2087
442.0732  442.1882
442.2506  442.3578
442.3691  442.4896
442.4138  442.8029
442.4737  442.8636
442.5515  442.9361
442.8612  442.9713
443.6573  443.8073
443.8223  444.0204
443.9243  444.0869
444.2970  444.5925
444.3700  444.7843
444.3868  444.8095
444.6598  445.0499
444.7590  444.9956
444.8328  445.0316
445.3383  445.5579
445.4188  445.5812
445.6070  445.6957
445.7560  445.8248
445.8664  446.0164
446.1229  446.3001
446.2419  446.3621
446.2840  446.4757
446.5985  446.7151
446.8769  447.0825
446.9713  447.1115
447.2671  447.4171
447.7193  447.8693
447.8866  448.0428
447.8899  448.0195
448.0495  448.2014
448.1976  448.4740
448.2198  448.5607
448.3514  448.6654
448.5876  448.7128
449.1153  449.1932
449.5335  449.6983
449.6688  449.7756
449.7377  450.0790
449.7475  449.9586
449.8699  450.0194
450.0123  450.1147
450.1164  450.2664
450.4117  450.4832
450.5424  450.7185
450.6664  450.7848
450.7635  451.0870
450.8424  451.2918
450.9029  451.3523
450.9686  451.3742
451.8255  451.9755
452.0348  452.1808
452.5736  452.7167
452.8016  452.9197
453.1766  453.3266
453.5707  453.6433
454.1720  454.2703
454.2981  454.4415
454.8259  455.0705
454.8421  455.0314
455.1610  455.2209
455.2934  455.6863
455.3098  455.6101
455.4355  455.9516
455.5261  456.0422
455.6158  456.0880
455.8416  456.2786
456.0897  456.4153
456.1556  456.5547
456.2037  456.5707
456.6588  456.8037
456.9535  457.1364
456.9950  457.1065
457.1640  457.2473
457.8051  457.8735
458.1544  458.2419
458.2375  458.5367
458.2651  458.5934
458.4871  458.8284
458.5013  458.8328
459.0232  459.1540
459.3990  459.4531
459.6489  459.7873
459.7427  459.8270
460.1448  460.2321
461.2976  461.4273
462.4290  462.5021
462.5271  462.6736
462.9783  463.0612
463.1049  463.1695
463.5584  463.7673
463.6495  463.8817
463.8351  463.9403
464.2190  464.3549
464.2573  464.3827
464.8049  464.8734
464.8691  465.1199
464.8868  465.0189
464.9696  465.1203
465.4212  465.5982
465.4412  465.6198
465.5965  465.7336
465.9891  466.0466
466.8575  467.0075
467.0310  467.1449
467.2472  467.3250
467.4376  467.8591
467.4382  467.8494
467.4834  467.8822
468.5143  468.6643
468.8503  468.9754
468.9226  469.0301
468.9910  469.1606
469.5257  469.6501
470.0357  470.1059
470.8079  471.0219
470.8100  470.9380
471.2591  471.4091
471.9102  471.9869
472.0806  472.2410
472.1548  472.3060
472.3861  472.6763
472.3960  472.6861
472.9070  473.0367
472.9677  473.5945
473.0064  473.5615
473.0419  473.7227
473.0874  473.7682
473.2557  473.8828
473.3499  473.9582
473.8218  474.3527
473.8313  474.3622
473.8674  474.3803
474.1652  474.5201
474.4032  474.6117
474.8008  474.9156
475.0712  475.1870
475.2804  475.3476
475.4296  475.4981
475.5277  475.6191
475.5828  475.7510
476.1099  476.2599
476.9496  477.0996
477.5502  477.6003
477.8547  478.0340
477.9754  478.1547
478.2047  478.2968
478.2231  478.3550
478.4678  478.9274
478.4686  478.9300
478.5138  478.9752
478.7917  478.9906
479.2342  479.2855
479.9552  480.1052
480.2177  480.2985
480.3582  480.4987
480.6378  480.8060
480.6560  480.8545
481.2201  481.3668
481.2292  481.4998
481.2676  481.8611
481.3175  481.9013
481.3721  481.8406
481.4064  481.9467
481.8802  482.0269
482.0282  482.1221
482.2923  482.4294
482.7646  482.8371
483.5843  483.7611
483.7075  483.9990
483.7696  484.0343
484.0475  484.1866
484.5250  484.6750
484.9622  485.1122
486.2582  486.4082
486.5088  486.6588
486.6798  486.8447
486.8149  486.9798
487.0073  487.1573
487.6918  487.7422
488.5273  488.6329
489.1996  489.2622
489.3005  489.6087
489.3559  489.7213
489.4125  489.7496
489.7545  489.9993
489.8097  490.0545
490.1786  490.3555
490.3016  490.4596
490.3938  490.5767
490.6766  490.8266
490.8900  491.0014
491.0452  491.1035
491.1548  491.5141
491.1985  491.5726
491.2053  491.5437
491.8848  492.1468
491.8950  492.1190
492.1758  492.3258
492.7047  492.7874
492.8118  493.2469
492.8151  493.2534
492.8320  493.2618
493.3998  493.4656
493.6212  493.7712
493.7765  493.9950
493.8036  494.0330
494.1734  494.3117
494.4952  494.5732
494.7777  495.0321
494.8234  495.0676
495.1849  495.3349
495.5282  495.6614
495.7424  495.8888
495.8689  496.0157
495.9583  496.0662
496.8408  496.9908
497.4361  497.5007
497.4841  497.6424
497.8534  498.2535
497.8653  498.2773
497.9174  498.3034
498.3252  498.6819
498.3315  498.7006
498.4943  498.7903
498.6798  499.0545
498.7596  499.0908
498.8416  499.0133
499.3268  499.4065
500.4574  500.6074
500.6485  500.8548
500.7422  500.9485
501.0819  501.1671
501.1391  501.2788
501.2379  501.3350
501.5130  501.6629
501.9973  502.1325
502.0174  502.1286
502.4220  502.8431
502.4687  502.9835
502.5023  503.0171
502.5169  503.0264
503.0175  503.1213
503.1446  503.2001
503.4233  503.5733
503.7253  504.0336
503.7529  504.0887
503.9262  504.1753
504.7998  505.3286
504.8075  505.3334
504.8579  505.1157
504.9396  505.4981
504.9684  505.5177
505.3550  505.7418
505.5021  505.6656
505.5640  505.7946
506.2237  506.3727
506.5436  506.6909
506.8608  506.9583
506.8941  507.0617
507.3701  507.5920
507.4457  507.5894
507.6382  507.8931
507.6834  507.9382
508.4337  508.5457
509.1728  509.4527
509.2161  509.5821
509.2737  509.6448
509.5630  509.7862
509.6296  509.8604
509.8861  510.0361
510.0520  510.2939
510.0714  510.2551
510.3599  510.5811
510.4387  510.6145
510.6178  510.7678
510.9514  511.1631
510.9724  511.1010
511.0728  511.2727
511.4150  511.5976
511.4630  511.6198
511.6295  511.7729
511.8646  511.9288
511.9630  512.1274
511.9728  512.2154
512.1848  512.3057
512.2640  512.4116
512.5277  512.6465
512.6998  512.7556
512.9335  513.0757
512.9631  513.3291
513.0258  513.1587
513.1505  513.5504
513.1891  513.5863
513.3988  513.6679
513.8763  514.0935
513.9831  514.4861
514.0218  514.5914
514.1681  514.8588
514.2143  514.9050
514.2552  514.9254
514.4145  514.7041
514.5408  514.9420
514.9563  515.1063
515.3881  515.4502
516.0229  516.1283
516.0695  516.1649
516.4317  516.5529
516.6905  516.8405
516.8527  517.0619
516.8658  516.9842
517.4538  517.5566
517.5282  517.6794
517.7399  517.8490
517.7704  517.8953
517.9710  518.1210
518.1647  518.2186
518.2764  518.4146
518.6725  518.7495
519.0029  519.1336
519.4556  519.5289
519.8184  519.8769
519.9332  520.1921
519.9742  520.1961
520.3021  520.4521
520.8442  520.9942
521.7640  521.9565
521.8483  522.1270
521.8790  522.0432
521.9606  522.2076
522.2314  522.3344
522.3357  522.4857
522.9464  523.2574
522.9903  523.4095
523.1141  523.4890
523.2140  523.4588
523.3287  523.6148
523.5598  523.7373
524.1102  524.3589
524.1228  524.4235
524.1605  524.3577
524.3007  524.5265
524.6404  524.9412
524.6511  524.9073
524.8730  525.0628
525.2000  525.3193
525.8104  525.9254
526.0187  526.1565
526.5411  526.6263
526.9924  527.2776
527.0715  527.2948
527.1438  527.5264
527.1595  527.6847
527.3245  527.8789
527.3723  527.9201
527.5966  527.9264
527.7034  527.9068
528.0186  528.1686
528.2438  528.3416
528.4812  528.5988
528.7752  529.0168
528.8264  529.1276
528.8398  529.1075
529.0238  529.1934
529.2408  529.5894
529.3021  529.7691
529.3222  529.7601
529.4637  529.7930
530.6066  530.7566
531.0106  531.1606
531.3281  531.4543
531.3666  531.5024
531.6915  531.7888
532.0258  532.1758
533.1271  533.2771
533.6835  533.9185
533.7182  533.8882
533.9556  534.2099
534.0012  534.2122
534.5132  535.0748
534.5491  535.1597
534.5609  535.0126
534.5849  535.0203
534.6096  535.2150
534.9610  535.2631
535.8703  536.1253
535.9184  536.2215
536.1160  536.3203
536.4221  536.5721
537.2627  537.4127
537.4579  537.5086
537.5781  537.6902
537.7858  537.9358
538.3767  538.5267
538.9079  538.9984
538.9913  539.0645
539.1082  539.1909
539.2049  539.4062
539.3036  539.5049
539.5433  539.6933
540.5145  540.6032
540.6206  540.6833
540.6885  540.8385
540.8623  541.0123
541.3047  541.4547
541.5402  541.6323
541.7274  541.8774
541.8902  542.0402
542.1031  542.3095
542.1851  542.3402
542.5523  542.7657
542.5897  542.7166
542.8434  542.9934
543.7152  543.7808
544.0783  544.2671
544.1125  544.2920
544.3219  544.7500
544.3348  544.7887
544.3479  544.6274
544.6352  544.8029
544.6923  545.0283
544.8398  545.1709
544.9350  545.2185
545.5313  545.6813
545.8403  546.0036
545.9327  546.1182
546.6657  546.7640
546.8733  546.9273
547.0235  547.1735
547.3641  547.4421
547.4733  547.6612
547.5855  547.6759
547.8388  547.9888
549.0488  549.4381
549.0972  549.2824
549.1075  549.6056
549.2665  549.5497
549.2893  549.5418
549.4417  549.9570
549.5858  550.1180
549.6235  550.1647
549.6880  550.2076
550.0225  550.3536
550.2398  550.4467
550.6874  550.8243
551.4268  551.5717
551.8844  552.0117
551.8882  552.2287
551.9855  552.2070
552.0523  552.2090
552.7953  552.9325
552.8517  552.9599
553.3019  553.6912
553.3279  553.6971
553.3451  553.7288
553.8101  554.1863
553.8132  553.9214
553.9253  554.4705
553.9592  554.5288
554.1495  554.7802
554.1737  554.7923
554.2738  554.8167
554.4645  554.7095
554.9071  555.0571
555.2439  555.4606
555.2521  555.3857
555.6991  555.8380
556.1232  556.2732
557.4973  557.6473
557.7797  558.0776
557.7837  558.0857
558.0716  558.1797
558.2690  558.4204
558.4176  558.5690
558.5988  558.6857
558.8469  558.9208
559.1934  559.3434
559.3899  559.5399
560.2461  560.4767
560.3154  560.5461
560.7105  560.8309
560.8837  561.0187
560.9839  561.2255
561.0771  561.3013
561.6548  561.7910
562.2068  562.2580
562.4444  562.5944
562.7263  562.8045
562.8070  562.9884
562.8611  562.9817
563.3935  563.5090
563.6954  563.8799
563.8070  564.0728
563.9047  564.0758
564.1959  564.4258
564.2660  564.4927
564.4443  564.5699
564.8901  564.9903
565.1476  565.2026
565.8976  566.0047
566.1018  566.2518
566.3515  566.5015
566.6439  566.7855
566.8439  566.9943
566.8834  567.0400
567.1106  567.2393
567.3831  567.6069
567.4594  567.6079
567.6590  567.8090
568.3648  568.7338
568.4006  568.7543
568.4262  568.8237
568.7202  568.8587
568.9269  568.9779
569.0918  569.2497
569.1494  569.2843
569.4489  569.6370
569.5608  569.7233
569.7300  569.8159
569.8145  569.9263
570.3989  570.5615
570.4708  570.7775
570.4719  570.7779
570.7904  570.8809
571.3684  571.5184
571.6795  571.7320
571.8824  572.2759
571.9112  572.3930
571.9243  572.3694
572.0214  572.3840
572.4935  572.5786
573.1482  573.2352
573.5266  573.6766
573.9720  574.1186
574.2729  574.3276
575.1068  575.1981
575.3529  575.5029
575.5270  575.6376
576.0892  576.2173
576.4158  576.4915
576.4548  576.6052
577.0715  577.2273
577.2157  577.3328
577.3749  577.5249
577.5451  577.7057
577.6844  577.7486
577.8191  577.9691
578.1356  578.2856
578.3816  578.6751
578.4345  578.7673
578.4634  578.7296
579.0784  579.2164
579.6376  579.7055
580.2972  580.3967
580.4974  580.5780
580.9276  581.0198
581.1213  581.2093
581.5578  581.7551
581.6604  581.8578
582.0669  582.3929
582.1310  582.4212
582.2195  582.6529
582.2700  582.6601
582.2745  582.5086
582.8107  582.8998
583.2804  583.4304
583.4553  583.6811
583.4701  583.6218
584.1967  584.3467
584.6217  584.6746
584.6938  584.8438
585.0577  585.4401
585.0808  585.5084
585.1316  585.2862
585.2698  585.5961
585.4424  585.6300
585.7130  585.8081
586.2015  586.3592
586.2124  586.4814
586.3084  586.4335
587.7588  588.5552
587.7661  588.5990
587.8112  588.6906
587.8478  588.6058
587.8598  588.2011
587.9015  588.7484
587.9933  588.7637
588.2443  588.7227
588.8556  589.1672
588.8568  589.2203
588.9766  589.2277
589.2412  589.3093
589.5345  589.6428
590.1160  590.2536
590.7278  590.8778
591.1999  591.2758
591.4696  591.6337
591.6054  591.9390
591.6531  591.9481
591.7557  591.9146
592.0273  592.0808
592.3391  592.5028
592.4754  592.6988
592.5794  592.7404
592.9712  593.2716
592.9721  593.2733
593.2678  593.4212
593.5331  593.6831
593.8891  594.0391
594.3464  594.4807
594.5972  594.8032
594.6264  594.8648
594.9395  595.2130
595.0246  595.4613
595.0678  595.4830
595.1518  595.4476
595.5377  595.8341
595.5522  595.9305
595.5993  595.9540
596.1882  596.4429
596.2856  596.6774
596.2867  596.6785
596.5581  596.7882
596.7906  597.0039
596.8773  597.1723
597.0089  597.2167
597.2533  597.4033
597.5336  597.7774
597.5445  597.9688
597.5922  597.8091
597.6373  597.9590
597.7713  598.0641
598.0455  598.1348
598.0755  598.2183
598.1387  598.2809
598.3667  598.4280
598.6112  598.7328
598.6324  598.7914
598.7391  598.9152
598.9845  599.4379
599.0060  599.3189
599.0737  599.5153
599.1535  599.6718
599.2570  599.6117
599.4432  599.7581
599.6971  599.8758
600.1184  600.2684
600.3054  600.5169
600.3638  600.4803
600.5105  600.8074
600.5205  600.8209
600.8060  600.8982
601.0396  601.2813
601.0681  601.2514
601.5696  601.6469
602.1583  602.2613
602.2824  602.4369
602.3931  602.5650
602.6251  602.7011
602.8945  603.0445
603.0721  603.2221
603.3112  603.6004
603.3501  603.6782
603.5160  603.7612
603.9275  604.1403
603.9652  604.0908
604.4769  604.6269
604.7014  604.8833
604.7410  604.9689
604.9553  605.1004
605.2699  605.3476
605.4209  605.4718
605.5130  605.6630
605.9367  606.2273
605.9506  606.2551
606.2137  606.3083
606.2834  606.3763
606.4884  606.5523
606.6582  606.8082
606.8638  607.0138
607.6575  607.8075
608.1423  608.2923
608.5142  608.5882
608.5427  608.6245
608.8235  608.9047
609.4246  609.5746
609.6528  609.7426
610.4223  610.5837
610.4613  610.6725
610.8621  611.3226
610.8703  611.3308
610.9308  611.2971
610.9432  611.2222
611.5143  611.7764
611.5241  611.9234
611.5476  611.8060
611.6977  611.9851
612.1432  612.1950
612.3596  612.5096
612.5105  612.8638
612.5182  612.8792
612.6807  612.9605
613.0559  613.3048
613.1069  613.3559
613.9692  614.1192
614.8596  614.9156
614.9995  615.1332
615.3232  615.4732
615.6343  615.7013
615.8398  615.9083
616.3338  616.4838
616.7522  616.8276
617.2424  617.4433
617.2514  617.3929
617.6506  617.7665
618.5044  618.6131
618.7122  618.7873
619.0122  619.3905
619.0228  619.3903
619.2125  619.4309
619.2135  619.6207
619.4338  619.6181
619.5532  619.6547
619.6917  619.8962
619.7056  619.9509
619.9672  620.0381
620.0260  620.2029
620.0705  620.2893
620.1697  620.3038
620.4296  620.5796
620.6498  620.9909
620.6874  621.1036
620.7865  621.2027
620.9277  621.2481
621.2682  621.4182
621.5434  621.5941
622.2493  622.4547
622.3194  622.5370
622.6620  622.8120
622.8683  623.0183
623.0676  623.5255
623.0942  623.6356
623.1242  623.7173
623.2669  623.8712
623.3954  623.9354
623.5624  623.7990
623.7544  624.0181
624.2541  624.3994
624.9243  625.0743
625.1267  625.3670
625.2177  625.5665
625.2731  625.4914
625.4387  625.6522
625.9990  626.0662
626.2598  626.4161
626.2975  626.5798
626.4147  626.6475
626.7835  626.8513
627.1293  627.3759
627.1605  627.3802
627.2444  627.4047
627.5040  627.7420
627.5661  627.7579
628.1022  628.2522
628.4215  628.8222
628.4262  628.7880
628.4815  628.8869
628.8124  629.0355
628.9672  629.2781
629.0428  629.3901
629.1467  629.3170
629.2194  629.3708
629.4546  629.5511
629.6866  629.7690
629.7091  629.8697
629.7757  629.9497
630.0856  630.2356
630.5448  630.7521
630.6398  630.9272
630.7457  630.8934
630.9081  631.0042
630.9550  631.1296
631.1433  631.2682
631.2975  631.4192
631.3648  631.4801
631.8631  632.0131
632.0635  632.2346
632.2022  632.5720
632.2053  632.5640
632.3839  632.7028
632.6131  632.7929
632.8262  632.8869
632.8701  632.9520
632.9818  633.1318
633.3186  633.3945
633.4610  633.6608
633.4827  633.6025
633.6481  634.0202
633.6905  634.0563
633.7001  634.0057
634.3010  634.4510
634.8809  635.0421
634.9938  635.1184
634.9991  635.1492
635.3523  635.4024
635.6809  635.8309
635.8553  636.0209
635.9897  636.1553
636.1634  636.2500
636.2499  636.5000
636.2999  636.5197
636.5506  637.0012
636.5819  637.2106
636.7074  637.5544
636.7365  637.6893
636.7528  637.7138
636.8141  637.7321
636.9498  637.8666
637.0580  637.9551
637.4165  638.2777
637.5068  638.3164
637.8181  638.2631
637.8788  638.3197
637.9101  638.2721
638.0032  638.4086
638.4853  638.6353
638.6797  638.7689
638.8502  639.0002
639.2946  639.4929
639.2966  639.5098
639.6330  639.6970
639.9862  640.1362
640.1582  640.3696
640.1630  640.2858
640.7079  641.0113
640.7092  641.0138
640.9975  641.1057
641.0328  641.3516
641.0493  641.3583
641.3642  641.5142
641.6836  641.8336
642.1498  642.2672
642.1503  642.3587
642.5848  642.9130
642.5984  642.8257
642.7922  643.1904
642.8159  643.2066
643.0203  643.3198
643.2387  643.4335
643.3461  643.4782
643.3748  643.5575
643.5947  643.8756
643.6786  643.9677
643.6810  643.8918
644.7687  644.8199
644.9990  645.0566
645.1399  645.2799
645.8439  645.9355
646.0307  646.1807
646.2334  646.4805
646.3198  646.7378
646.3932  646.7745
646.4544  646.7340
647.0458  647.3039
647.0877  647.3724
647.3279  647.8187
647.3524  647.6695
647.3604  647.8223
647.4153  647.7919
647.9971  648.1471
648.2312  648.6171
648.2424  648.6506
648.3761  648.6505
648.5166  648.7643
649.1006  649.1671
649.1630  649.3066
649.3267  649.3906
649.5992  649.7492
649.8812  649.9529
650.3096  650.4570
650.6258  650.7224
650.6541  650.8376
650.8092  650.9734
651.3876  651.6729
651.4023  651.6787
651.9767  652.0283
652.0702  652.3228
652.1175  652.3702
652.4125  652.5625
652.6111  652.7246
653.0513  653.2013
653.7619  653.9119
654.0114  654.1614
654.2676  654.3257
654.3298  654.4798
654.7912  655.0916
654.8612  655.3158
654.9251  655.2106
655.0021  655.4107
655.2200  655.5962
655.2404  655.6030
656.3399  656.4899
656.6536  656.8036
657.0259  657.2963
657.0494  657.2295
657.2039  657.4043
657.4600  657.8234
657.4801  657.8854
657.6504  657.9574
657.6688  657.8681
657.8607  658.0638
658.2638  658.4138
658.5339  658.8468
658.6120  659.0291
658.6148  658.9406
658.6370  659.0759
658.7819  659.0226
659.2717  659.3843
659.4600  659.7282
659.5617  659.8351
659.5649  659.8980
659.6220  659.8657
659.8690  659.9690
660.1500  660.4051
660.1949  660.4209
660.4441  660.5452
660.8065  660.9565
661.0350  661.1844
661.0586  661.3423
661.1564  661.3167
661.3712  661.6300
661.4124  661.6463
661.9850  662.0700
662.0276  662.1988
662.8274  662.9561
663.1535  663.3035
663.7613  663.9413
663.8813  663.9774
664.1334  664.2205
664.6211  664.7210
664.8935  664.9972
665.2673  665.4173
665.9800  666.1987
666.0016  666.2983
666.2020  666.4002
666.9606  667.1106
667.4783  667.6283
667.9915  668.1415
668.6154  668.8223
668.7198  669.0250
668.7885  669.0235
669.5389  669.6439
669.8449  670.0952
669.8979  670.0975
670.0290  670.2243
670.6395  670.7419
670.6920  670.7820
671.1499  671.2854
671.4924  671.6424
672.4761  672.6650
672.5300  672.6316
672.6833  672.8333
673.1465  673.2366
673.6084  673.9452
673.6692  674.0174
673.7608  674.0027
673.8087  674.3771
673.8613  674.2979
673.8693  674.4331
673.9545  674.4476
674.4965  674.7270
674.5545  674.7155
674.7767  674.8315
675.0070  675.0741
675.1905  675.2899
675.2103  675.4655
675.2901  675.4675
675.4543  675.5224
675.5700  675.6435
676.0478  676.1086
676.1651  676.2487
676.1886  676.4080
676.2789  676.6052
676.3871  676.7134
676.5472  676.7900
676.9271  677.0092
677.4384  677.6601
677.4782  677.6197
677.6374  677.7220
677.7935  677.9435
678.1208  678.1839
678.4083  678.6168
678.4184  678.5355
678.7052  678.8008
678.8329  678.9829
679.1035  679.2149
679.5197  679.5789
679.7021  680.1018
679.7501  680.1979
679.7543  680.0697
679.8782  680.2475
680.1987  680.3064
680.2616  680.4122
680.2825  680.4657
680.8442  680.9538
680.9411  681.0974
681.5753  681.6486
682.3832  682.4984
682.8555  683.0680
682.9268  683.0519
683.2565  683.3494
683.3302  683.5799
683.3591  683.6529
683.5861  683.7071
683.6854  683.8443
683.7013  683.9590
683.8479  683.9605
684.5592  684.6435
684.5878  684.7657
684.8296  685.0133
684.9460  685.1296
685.1446  685.2946
685.3552  685.5040
685.5146  685.7776
685.5516  685.7857
685.9116  686.0004
686.0068  686.1367
686.4472  686.5816
686.9100  686.9979
687.3614  687.5038
687.5051  687.5761
688.0458  688.1670
688.6819  688.8319
689.4064  689.6957
689.4540  689.6303
689.5197  689.7400
690.1087  690.1750
691.0099  691.1599
691.5817  691.7307
691.7241  691.9437
691.8111  692.0274
692.1168  692.6816
692.1201  692.5415
692.1791  692.4579
692.1996  692.8146
692.2423  692.8467
692.5493  692.9588
692.7579  693.0279
693.2355  693.3922
693.3196  693.6016
693.4102  693.6559
693.6610  693.8110
694.6944  694.9715
694.7214  695.0255
694.9590  695.1125
695.3232  695.4038
695.5147  695.5932
695.6424  695.6925
695.7662  696.0564
695.7950  696.0372
695.9801  696.2091
696.1465  696.2510
696.2170  696.3840
696.4871  696.6371
696.7094  696.7824
696.8637  696.9271
697.4483  697.6056
697.5910  697.6514
697.9685  698.1054
698.2479  698.3762
698.4097  698.5844
698.4447  698.6516
698.7969  698.9371
699.3421  699.4744
699.5249  699.7091
699.5636  699.7863
700.0299  700.2737
700.0947  700.4270
700.2479  700.3829
700.3118  700.4591
700.4857  700.7967
700.4947  700.7255
700.6656  700.9802
700.8021  701.0412
701.8309  701.9809
702.0496  702.1320
702.1648  702.2472
702.5967  702.8145
702.6317  702.8376
702.6476  702.8701
703.3558  703.5058
703.6303  703.7428
703.8188  703.8703
704.0585  704.2085
704.2382  704.3882
704.5413  704.6913
705.1414  705.2914
705.3223  705.4723
705.8844  706.0448
706.0240  706.1436
706.2992  706.7747
706.3202  706.7893
706.3950  706.7204
706.4138  706.8217
706.6218  706.9775
706.8251  706.9454
707.1402  707.1915
708.4805  708.6201
708.6667  708.8056
708.9413  709.1138
709.0285  709.1547
709.4031  709.5680
709.4100  709.6068
710.5222  710.7062
710.5620  710.7156
711.1275  711.2775
711.9318  712.0404
712.2453  712.3623
712.5122  712.6585
712.5609  712.7449
712.5948  712.8305
713.7218  713.8589
713.7408  713.8867
713.8588  714.0228
714.2471  714.3283
714.3918  714.5418
714.8543  715.0507
714.9579  715.1026
715.3228  715.3937
715.5651  715.7151
715.7526  715.9438
715.8518  716.0478
716.0939  716.2042
716.2924  716.3653
716.3358  716.6630
716.3883  716.8120
716.5408  716.9404
716.6064  716.8357
716.6687  717.0090
716.9797  717.1035
717.2288  717.2923
717.3709  717.6647
717.4028  717.7952
717.4208  717.7635
717.7302  717.8280
717.9975  718.1397
718.6839  718.8339
719.0018  719.1518
719.3230  719.4621
720.2620  720.4120
721.4016  721.5516
721.5858  721.6737
721.9084  722.0584
722.2271  722.3027
722.6005  722.7505
723.6097  723.7887
723.6433  723.8100
723.8454  723.9039
723.9656  724.0193
724.3175  724.4939
724.3881  724.7028
724.4498  724.7888
724.7075  725.0933
724.7135  724.9949
724.7651  725.1195
725.7309  725.8510
726.6242  726.8549
726.7169  726.9257
726.7199  727.1201
726.7344  726.9761
726.9417  727.1605
727.7342  727.7849
728.7361  728.8048
728.7918  728.9240
728.9657  729.1403
728.9756  729.1522
729.3524  729.4679
729.5624  729.6193
730.7294  730.8794
731.3473  731.4081
731.4230  731.6628
731.4672  731.6468
731.9726  732.1226
732.3732  732.4705
732.5786  732.8151
732.6421  732.8786
732.9935  733.2376
733.0193  733.2075
733.2499  733.4264
733.3426  733.4482
733.5474  733.6974
734.3979  734.5479
734.9697  735.0528
735.3609  735.5109
735.8082  736.1349
735.8135  736.0723
735.9762  736.2930
736.1502  736.3891
736.3541  736.5216
737.2332  737.3074
737.7765  737.8478
738.0181  738.1681
738.4836  738.5358
738.8908  738.9724
739.1901  739.3401
739.5560  739.7060
740.2133  740.4013
740.3253  740.4677
740.6467  740.7078
740.8594  740.9948
740.8807  741.1578
741.0271  741.2910
741.1295  741.2455
741.6485  741.7985
741.8994  742.0612
742.0377  742.2544
742.1616  742.3847
742.2029  742.5408
742.3225  742.5920
742.6208  742.6753
742.7271  742.9289
742.8405  743.0097
742.8835  743.1042
743.4685  743.5504
743.5856  743.6560
743.6957  743.7493
744.0222  744.1722
744.2208  744.3708
744.9806  745.0775
745.2999  745.5830
745.3786  745.7258
745.3824  745.8561
745.4365  745.9325
745.7181  746.0569
745.8454  746.1913
745.9133  746.1618
746.3870  746.5675
746.5066  746.7464
746.5806  746.7870
746.9725  747.1225
747.2512  747.4515
747.3508  747.5512
747.9779  748.4223
747.9921  748.1458
748.0451  748.5442
748.1407  748.5767
748.2310  748.5456
748.7264  748.8496
748.7273  748.8488
748.9082  748.9790
748.9750  749.2683
749.0017  749.1875
749.0886  749.3269
749.2865  749.4371
749.3201  749.5297
749.5858  749.6693
749.6508  749.8100
749.8107  749.9485
749.9069  750.0777
750.1654  750.3154
750.3478  750.5263
750.3709  750.5168
750.5394  750.6894
750.8315  750.9072
751.0412  751.1067
751.1463  751.2963
751.3408  751.6438
751.3756  751.5710
751.4576  751.7196
752.1444  752.5669
752.1607  752.6321
752.2991  752.7296
752.3369  752.9015
752.4544  752.9896
752.6840  753.1407
752.8515  753.2969
753.0536  753.3048
753.0812  753.3839
753.4938  753.6438
753.9302  754.1017
754.0587  754.1831
754.1081  754.3771
754.1378  754.3310
754.7974  754.8590
755.0699  755.1862
755.2710  755.3790
755.8344  755.8884
755.9098  755.9734
756.1167  756.2667
756.4010  756.5510
756.6065  756.7353
756.8602  757.0563
756.9640  757.1551
757.2487  757.3987
757.4466  757.7839
757.4795  757.8727
757.5738  757.9609
757.8031  758.0376
757.8746  758.0269
758.0018  758.1691
758.3538  758.5038
758.6090  758.8371
758.6842  758.7985
758.7885  758.9150
759.3514  759.4917
759.5723  759.7653
759.6794  760.0271
759.8135  760.2777
759.8381  760.3500
759.8438  760.3162
760.0034  760.2626
760.0427  760.2851
760.4239  760.6315
760.4313  760.5464
760.6569  760.7152
760.7790  760.9290
761.3573  761.4114
761.6802  761.7460
762.0436  762.1936
762.2392  762.4190
762.3595  762.5305
762.4209  762.6257
762.8674  763.1028
762.9257  763.0965
763.1363  763.2880
763.2846  763.4871
763.3855  763.5863
763.6706  763.9181
763.7721  764.0605
763.8197  764.2449
763.8212  764.0926
764.0929  764.4220
764.1577  764.4544
764.7664  764.8679
765.1119  765.2619
765.4697  765.7694
765.5163  765.7284
765.6362  766.0299
765.7167  766.1351
765.8309  766.0604
765.8957  766.1628
766.2070  766.2913
766.6349  766.7129
766.9813  767.1313
767.3510  767.4950
767.7872  767.9257
768.0784  768.1440
768.7863  768.8827
768.9182  769.0682
769.3576  769.6565
769.3646  769.6703
769.6392  769.7173
770.1314  770.2814
770.5054  770.7715
770.5378  770.7700
770.8077  770.9577
771.0187  771.0742
771.5415  771.7892
771.5938  771.8805
771.8026  772.0532
771.9558  772.3960
771.9993  772.4187
772.0054  772.3979
772.5874  772.6978
772.7747  772.9993
772.8501  773.0747
773.2668  773.4168
773.9646  774.0963
774.0572  774.2173
774.1267  774.2398
774.2811  774.4406
774.4217  774.5811
774.7423  775.1525
774.8025  775.1871
774.8234  775.2017
774.8926  775.5320
774.9785  775.7899
775.1941  775.6177
775.2121  775.9417
775.2535  775.5801
775.3543  776.2653
775.4120  776.2941
775.4460  776.3039
775.7232  776.2497
775.7300  776.3500
775.7446  776.1075
776.3634  776.5134
776.6499  776.7164
777.0076  777.1576
777.1971  777.3110
777.5257  777.6070
777.5758  777.7080
777.7558  777.9058
777.9528  778.2318
777.9642  778.2221
778.2909  778.4409
778.6721  778.7554
779.2607  779.3970
779.7648  779.9998
779.8299  780.0236
780.2631  780.3238
780.9069  781.0248
781.1063  781.2563
781.5522  781.6966
781.6103  781.8034
782.1509  782.2062
782.2335  782.3148
782.3345  782.4721
782.3379  782.6972
782.3688  782.7281
782.6226  782.8378
782.8419  782.9330
783.3083  783.3771
783.3866  783.5366
783.9378  784.0878
784.2139  784.3639
784.5265  784.8455
784.5997  785.1232
784.6235  784.9266
784.7699  785.0888
784.7887  785.2024
784.8567  785.0965
785.1747  785.3048
786.9892  787.1297
787.0168  787.3837
787.0211  787.6934
787.0828  787.7408
787.1073  787.6240
787.1409  787.4345
787.1846  787.7122
787.6087  787.8498
788.0873  788.2886
788.1861  788.4001
788.3746  788.5030
788.6863  788.8553
788.8172  788.9993
788.9732  789.1363
789.2267  789.4362
789.2402  789.3592
789.8621  790.0121
790.1493  790.2412
790.1675  790.3544
790.3745  790.5635
790.4696  790.6205
790.7517  790.8508
790.9250  791.0400
791.0671  791.1218
791.4902  791.5447
791.6190  791.7690
791.8402  792.1236
791.8497  792.1987
791.9725  792.1973
792.4024  792.4527
792.4568  792.6800
792.5337  792.7214
793.0972  793.1697
793.3550  793.4373
793.4516  793.5452
793.5573  793.6596
793.8886  793.9732
794.0199  794.1112
794.1397  794.2897
794.5119  794.5871
794.8742  794.9853
795.2880  795.3737
795.4643  795.5835
796.1740  796.3656
796.2219  796.4092
796.5070  796.6570
796.9107  797.0607
797.6006  797.6898
797.6239  797.7448
797.7100  797.8774
797.9994  798.0555
798.3830  798.4337
798.7199  798.8699
800.1479  800.2309
800.1812  800.3896
800.2404  800.6254
800.2707  800.6405
800.2967  800.4791
801.3910  801.5410
801.7159  801.8907
801.8014  801.9961
802.3032  802.5480
802.3413  802.8155
802.4050  802.9272
802.5625  802.8522
802.6440  802.9134
802.6790  803.1286
802.8855  803.2238
803.0695  803.3065
803.4290  803.5135
803.8265  804.1012
803.8518  804.1265
804.3611  804.4775
804.9101  805.0601
805.0830  805.2330
805.5348  805.7019
805.5466  805.7041
805.8099  806.0167
805.9273  806.1718
805.9438  806.1200
806.5304  806.6804
806.9255  807.1706
806.9840  807.2494
807.1610  807.7785
807.1676  807.7881
807.2463  807.8128
807.2544  807.6853
807.4730  808.0571
807.7576  808.0104
807.7841  808.0734
807.9563  808.1862
808.3690  808.4581
808.4142  808.5862
809.0526  809.2070
809.0729  809.2948
809.2851  809.4399
810.2522  810.5064
810.2741  810.6330
810.3295  810.6607
811.0573  811.1192
811.2312  811.3592
811.3807  811.6108
811.4507  811.6807
812.0787  812.2287
812.6834  812.7534
812.7135  812.7967
812.8493  812.9111
813.1416  813.2406
813.2184  813.3795
813.5511  813.7011
813.7180  814.0359
813.7936  814.0021
813.8072  814.1325
813.8981  814.1417
814.1768  814.2965
814.4320  814.5820
814.7513  815.0388
814.7861  815.1105
814.8137  815.1456
815.1530  815.2272
815.6296  815.7896
815.6531  815.9485
815.8262  815.9797
815.8629  816.1280
815.9276  816.0507
816.4554  816.6084
816.6024  816.7554
816.7668  816.9168
816.9334  817.0834
817.1209  817.4127
817.1655  817.3229
817.2140  817.4815
817.5890  817.9055
817.6272  817.8130
817.6428  818.0292
817.8164  818.1156
818.0597  818.1924
818.4819  818.8471
818.4866  818.7796
818.5692  818.8537
818.8013  818.9100
819.2139  819.3975
819.3303  819.6394
819.4332  819.7963
819.5089  819.6947
819.6319  819.8752
819.8990  820.0365
820.1098  820.3780
820.1753  820.4436
820.2767  820.4641
820.4704  820.5430
820.7393  820.8893
820.9393  821.1771
821.0015  821.2086
821.5314  821.6950
821.5761  821.7743
821.6479  822.0826
821.6644  822.0881
821.7577  822.0285
822.1418  822.4019
822.1816  822.4281
822.8923  822.9802
822.9181  823.0849
823.1211  823.4151
823.1354  823.3256
823.2030  823.4434
823.3358  823.5528
824.0213  824.1713
824.1980  824.3178
824.4394  824.5299
824.6417  824.6996
824.7295  824.8376
825.3557  825.5057
826.0096  826.0954
826.1339  826.2692
826.2256  826.5087
826.2860  826.5474
827.4245  827.6548
827.4375  827.5981
828.0170  828.0888
828.4961  828.8441
828.5435  828.7364
828.5684  828.9637
828.7160  829.0129
829.1764  829.2591
829.2035  829.4345
829.2672  829.3736
829.5060  829.6017
830.0919  830.1725
830.1968  830.2508
830.4777  830.8067
830.5126  830.9115
830.6321  830.9345
830.7724  830.9376
831.1232  831.1941
831.5256  831.7370
831.5797  831.7023
831.9605  832.1105
832.1270  832.3534
832.1542  832.4176
832.2627  832.4862
832.2699  832.5463
832.7089  833.0059
832.7348  832.9269
832.7445  832.9681
833.7030  834.0118
833.7443  834.0671
833.8618  834.0399
834.0692  834.2543
834.2009  834.3712
834.2039  834.4019
834.4056  834.5556
834.5789  834.6337
835.2270  835.3109
835.3144  835.4644
835.5136  835.7243
835.6030  835.8163
835.7718  835.9048
835.8271  836.0160
836.3366  836.4314
836.6046  836.7005
836.9291  837.0440
837.0874  837.2374
837.3927  837.6519
837.4355  837.7627
837.6456  837.8645
837.6875  837.9629
837.9141  838.0501
838.1173  838.1803
838.1719  838.3261
839.2327  839.3599
839.3767  839.5235
839.3932  839.6083
839.9297  840.0797
840.1127  840.2627
840.2648  840.4016
840.3536  840.5337
840.4564  840.6451
840.6522  840.7403
840.8600  841.1359
840.8842  841.1600
841.2605  841.3438
841.4128  841.6206
841.5047  841.6230
841.8549  842.1418
841.8870  842.2059
842.0849  842.3000
842.3662  842.5162
842.8963  843.2871
842.8969  843.2883
843.0130  843.3463
843.3594  843.7187
843.3832  843.6652
843.4157  843.7415
843.9851  844.0354
844.7369  844.8425
845.2837  845.4337
846.0972  846.2472
846.3529  846.4751
846.6108  846.7608
846.7880  847.0567
846.8428  847.2297
846.9863  847.4337
847.0813  847.4674
847.1459  847.4111
847.5761  847.6327
847.9366  848.0866
848.1049  848.2549
848.5236  848.6736
848.7744  849.1107
848.8022  849.1664
848.9184  849.2244
849.5247  849.5936
849.7724  849.9012
850.2029  850.3529
850.4856  850.5692
850.6536  850.9179
850.6893  850.9348
851.0564  851.1427
851.2246  851.2956
851.3017  851.3704
851.3361  851.6221
851.3844  851.6532
852.0093  852.0890
852.0995  852.2795
852.1554  852.3014
852.3284  852.4529
852.5055  852.6881
852.5726  852.7804
853.0457  853.1543
853.6145  853.8068
853.7221  853.8507
854.1442  854.6573
854.1464  854.5719
854.1805  854.7341
854.2971  854.5214
854.4773  854.9735
854.6322  854.9468
854.6385  855.0928
854.9658  855.3049
854.9993  855.3194
855.2153  855.3431
855.4081  855.5649
855.5512  855.6897
855.6021  855.7023
856.1007  856.1864
856.1259  856.3062
856.4478  856.5978
856.6245  856.8041
856.7125  856.9083
856.9500  857.0836
857.1535  857.2922
857.7420  857.9848
857.7846  858.1732
857.8000  858.2131
858.0179  858.2128
858.2348  858.4772
858.3208  858.6571
858.3919  858.6495
858.6262  858.7955
859.0742  859.1715
859.2316  859.3816
859.6616  859.8116
859.8293  859.9981
859.8340  860.0661
860.1088  860.2588
860.3182  860.8593
860.3318  860.9137
860.3644  860.6057
860.4413  860.9900
860.6017  860.9786
860.6625  860.9248
861.0193  861.1626
861.9418  862.0203
862.0809  862.2309
862.4336  862.4934
862.5524  862.8672
862.6083  862.8710
862.6548  862.9483
863.0321  863.0857
863.1185  863.3122
863.2228  863.3562
863.3219  863.5560
863.4016  863.5355
863.5878  863.8088
863.6474  863.7860
863.8054  863.9350
863.9910  864.0928
863.9969  864.4323
864.0700  864.3423
864.1392  864.5415
864.1615  864.4697
864.4953  864.6334
864.6975  864.8188
864.9055  865.0555
865.5589  865.6735
866.0178  866.1678
866.4827  866.5506
866.6174  866.6685
866.7241  866.8571
867.2357  867.3857
867.3914  867.5414
867.7406  867.8258
868.1359  868.2859
868.6338  868.7554
868.6987  869.0372
868.7371  869.0064
868.9596  869.6083
868.9678  869.6220
869.0439  869.6686
869.0832  869.7349
869.3385  869.7190
869.4013  869.7799
869.8411  869.9546
870.2376  870.3876
871.9252  871.9813
872.0263  872.1757
872.3935  872.4880
872.7106  873.1071
872.7459  873.3273
872.8941  873.2226
872.9334  873.6033
872.9345  873.5437
872.9695  873.3375
872.9924  873.6144
873.1658  873.4981
874.0878  874.1387
874.7458  875.1302
874.7970  875.1561
874.8011  875.2552
874.9751  875.2975
875.2300  875.5284
875.2458  875.5243
875.3374  875.5583
875.9078  876.1618
875.9960  876.3129
876.0351  876.2876
876.6502  876.8366
876.7638  877.0938
876.8497  877.1101
876.9646  877.2387
877.0988  877.2915
877.4359  877.4990
877.4812  877.5850
877.5375  877.8903
877.6460  878.1630
877.6605  878.1774
877.6669  878.1283
878.0549  878.2869
878.5468  879.0638
878.5514  879.0775
878.5607  878.7951
878.5786  878.8489
878.8576  879.1137
878.9400  879.1162
879.1691  879.2347
879.3548  879.4123
879.8486  879.9986
880.0008  880.0915
880.4403  880.5654
880.7536  881.0646
880.7931  881.0748
880.8550  881.0063
881.7853  881.9339
882.3480  882.4828
882.4349  882.6849
882.4541  882.9478
882.4743  882.9720
882.7006  882.9637
882.8221  883.3117
882.8278  883.0631
883.0516  883.6507
883.0591  883.6631
883.2116  883.8560
883.3297  883.9016
883.3681  883.7154
883.6469  884.0639
883.7429  884.0691
884.5511  884.6341
884.8678  884.9525
885.2619  885.4525
885.3643  885.4721
885.7544  885.9044
885.9382  886.2204
885.9560  886.2382
886.3285  886.4785
886.5868  886.7762
886.7158  887.0528
886.7389  886.9294
886.7403  887.0204
887.0858  887.1634
887.2811  887.4311
887.8912  887.9621
888.0695  888.2195
888.4959  888.5611
888.8820  889.0951
888.9225  889.0487
889.1090  889.4469
889.1419  889.5228
889.2043  889.5540
890.4288  890.7017
890.4559  890.7215
890.9908  891.1282
891.2183  891.3178
891.3714  891.4540
891.6167  891.6773
891.7051  891.9906
891.7479  892.0954
891.9060  892.2214
892.0374  892.1893
892.4302  892.5181
892.7036  892.8536
892.9028  893.0605
892.9171  893.1870
892.9177  893.1093
893.5167  893.8990
893.5908  894.1543
893.6042  894.2803
893.6607  894.3368
893.7818  894.1415
893.7969  894.3888
894.0904  894.3867
894.5092  894.7799
894.5713  894.7081
894.6096  894.8612
895.0824  895.2324
895.2962  895.4085
895.4295  895.6668
895.4379  895.6125
895.6717  895.8078
895.9333  896.0833
896.2677  896.4470
896.3201  896.6994
896.3509  896.7302
896.5576  896.7926
896.8832  897.0202
897.3474  897.4193
897.4681  897.7326
897.5763  897.8468
897.5890  898.0550
897.6220  898.0838
897.6690  898.0574
898.3579  898.4353
898.7711  898.8412
898.8814  898.9637
899.1373  899.1891
899.7851  899.8496
899.9329  900.0947
900.0711  900.2329
900.4812  900.6312
901.1378  901.3111
901.2645  901.3454
901.4373  901.5873
901.5935  901.6664
901.8550  902.0050
902.0850  902.2000
902.1318  902.3689
902.2013  902.5400
902.3225  902.7627
902.4703  902.9201
902.5553  902.7570
902.5627  902.8870
902.8121  903.1136
902.9435  903.2058
903.1513  903.2577
903.2239  903.3908
903.4140  903.5979
903.5301  903.7066
903.8412  904.2159
903.8904  904.3636
903.9336  904.2105
904.0472  904.4826
904.1928  904.5189
904.5900  904.7054
904.7689  904.8265
904.8433  904.9933
905.3197  905.4697
905.7014  905.7973
906.0548  906.2048
906.2180  906.4189
906.3172  906.4564
906.4252  906.8596
906.4854  907.0409
906.5292  906.9692
906.6093  907.2263
906.7440  907.3075
906.9544  907.2682
907.0684  907.4023
907.3666  907.5344
907.7076  908.0312
907.7592  908.0607
907.8162  908.0485
908.0098  908.1294
908.1543  908.3043
908.6076  908.8812
908.6675  908.9551
908.6801  908.8644
909.0951  909.2451
909.3252  909.6679
909.3519  909.5818
909.3736  909.7054
909.7198  909.7854
909.7934  909.9617
909.9251  910.0136
910.3396  910.5412
910.4380  910.6913
910.5498  910.6531
910.7808  911.0330
910.8060  911.1205
910.8678  911.3266
910.9954  911.3788
911.1217  911.5508
911.3337  911.5467
911.4174  911.7985
911.4951  911.8664
911.7145  912.1685
911.8179  912.3573
911.8843  912.4857
912.0779  912.7451
912.1939  912.6395
912.2131  912.5254
912.2253  912.7457
912.4684  912.9184
912.5940  912.9455
913.6931  913.9331
913.7531  914.0074
913.9787  914.1431
914.3050  914.4839
914.4262  914.6050
914.7850  914.9718
914.8387  915.0552
915.2754  915.3826
915.4203  915.7694
915.4582  915.8453
915.5082  915.8703
916.3270  916.5155
916.4386  916.6270
916.8319  917.1753
916.8508  917.1832
916.9882  917.2069
917.4819  917.5754
917.7147  917.8037
918.0142  918.0995
918.2026  918.3526
919.2243  919.3743
919.4680  919.5188
919.5259  919.6118
919.6772  920.2299
919.7483  920.6697
919.7531  920.6817
919.7799  920.3901
919.7898  920.3738
919.8276  920.7576
919.9785  920.3965
920.0347  920.8254
920.2803  920.8570
920.4931  920.7619
921.0444  921.1944
921.2427  921.3401
921.2819  921.3808
921.4358  921.5858
922.1288  922.2182
923.3434  923.5098
923.3506  923.6442
923.5150  923.7841
923.5753  923.8412
923.8778  924.0848
923.9979  924.1759
924.0111  924.2546
924.0697  924.3311
924.4486  924.6195
924.5149  924.6283
924.6888  924.7499
925.1691  925.4130
925.2462  925.5477
925.3107  925.5384
925.4750  925.5723
925.9673  926.1173
926.3796  926.4668
926.5294  926.8141
926.5447  926.8294
926.9759  927.0468
927.1918  927.3418
927.3897  927.5621
927.4553  927.5832
927.8225  927.9725
928.3216  928.4671
928.6197  928.9243
928.6465  928.8772
928.7590  928.9162
929.4319  929.7535
929.4633  929.8092
929.4717  929.6254
929.7479  929.8332
929.8419  929.9993
929.9845  930.0480
930.2705  930.4205
930.7505  930.8715
930.7620  930.9164
931.3105  931.5707
931.3528  931.6553
931.5630  931.7605
931.7771  931.9271
932.2058  932.2715
932.3023  932.3803
932.4818  932.6318
932.8349  932.9239
932.8962  933.0783
932.9918  933.1083
933.1383  933.2116
933.2161  933.3661
933.7365  934.0305
933.7725  933.9973
933.9068  934.3189
934.0320  934.2969
934.0468  934.3487
934.5059  934.6689
934.5075  934.6888
934.5625  934.6996
934.9776  935.1276
935.2767  935.3268
935.6234  935.6973
935.7021  935.8639
935.7167  935.8361
935.9415  936.0509
936.4076  936.5576
936.7341  936.8447
936.8349  936.9360
937.4703  937.5690
937.6100  937.6796
937.7568  937.8302
938.5495  938.8344
938.6094  938.9478
938.7001  938.9414
939.1383  939.2883
939.8409  939.8944
940.5889  940.6733
940.6199  940.7966
940.8865  940.9774
941.0742  941.3974
941.0999  941.3597
941.1911  941.4724
941.9150  942.0596
942.1019  942.4342
942.1051  942.4833
942.1998  942.4951
942.6137  942.7172
942.8736  942.9582
942.9076  942.9852
943.1596  943.3921
943.2271  943.4952
943.4240  943.5537
943.9721  944.1335
944.0069  944.1798
944.0234  944.1722
944.1602  944.4097
944.2641  944.5112
944.3204  944.6466
944.5147  944.7307
944.9770  945.2432
945.0277  945.3719
945.1104  945.4383
945.3883  945.4936
945.5821  945.7840
945.6803  945.7968
945.9398  946.1174
946.0622  946.1617
946.5404  947.0225
946.5593  947.1006
946.6854  946.9430
946.6876  947.0341
946.7470  947.3810
946.8849  947.4637
947.0003  947.5060
947.2032  947.5210
947.5881  947.8189
947.6663  947.8378
947.7916  947.9693
948.2840  948.4340
948.8915  949.0415
949.5992  949.7492
950.1591  950.2760
950.3762  950.6058
950.4409  950.6585
950.5733  950.6922
951.1420  951.2507
951.4666  951.5505
951.7036  951.8903
951.8170  951.9465
952.4294  952.5794
952.9355  953.0208
953.4820  953.6782
953.5230  953.7469
953.5893  953.7835
953.9240  954.0491
954.1256  954.2756
954.2893  954.3511
954.4824  954.6324
954.7345  954.8673
955.0169  955.1261
955.8666  955.9273
956.3213  956.5034
956.3394  956.6681
956.4917  956.6664
956.5921  956.7925
957.1184  957.2684
957.3266  957.5425
957.3583  957.5505
957.6993  957.9669
957.7317  957.9993
958.0556  958.2158
958.1955  958.2810
958.3922  958.5422
958.5702  958.6907
958.6346  958.8318
958.7935  958.9594
958.8327  959.0743
958.9673  959.2539
959.0720  959.3624
959.1628  959.3217
959.4635  959.6135
959.7926  960.1081
959.8569  960.1477
959.8684  960.1118
961.5050  961.6118
961.5739  961.6568
961.7964  961.9977
961.8774  961.9802
962.0900  962.2205
962.5389  962.6930
962.6849  962.7813
962.7573  962.8928
963.2933  963.4433
963.4991  963.7543
963.5555  963.7001
963.6653  963.8607
964.1841  964.3224
964.3419  964.7387
964.3964  964.9535
964.4111  964.9829
964.4858  965.0576
964.7958  965.2012
964.8747  965.1093
965.1302  965.3092
967.3324  967.4616
967.5896  967.7029
967.7271  967.9649
967.7507  967.9966
967.7943  967.9806
968.1804  968.3304
968.4481  968.5981
969.2900  969.3419
969.3536  969.4567
969.4642  969.5795
969.9802  970.0689
970.5277  970.7222
970.6331  970.8277
970.9692  971.3044
970.9736  971.1707
971.1200  971.4244
971.1745  971.3686
971.6099  971.8705
971.6462  971.8156
971.6577  971.8128
971.9887  972.1387
972.1903  972.2739
972.6007  972.7507
972.8697  973.0456
972.9060  973.0707
973.0104  973.1213
973.2477  973.3194
973.3284  973.4784
973.5131  973.6631
973.7433  973.9619
973.8247  974.0134
974.2408  974.2925
975.0497  975.2779
975.1215  975.3004
975.4514  975.6014
976.1719  976.3219
976.4129  976.5629
977.1999  977.2810
977.4069  977.5569
977.7117  977.8850
977.8383  977.9883
978.0349  978.0981
978.2864  978.4982
978.3671  978.4906
979.0397  979.2994
979.1245  979.3213
979.1658  979.4158
979.5965  979.7502
979.7438  980.0926
979.7472  980.0889
979.9939  980.1778
979.9998  980.2217
980.2849  980.4759
980.3080  980.7121
980.3336  980.7249
980.3854  980.6008
981.1421  981.2921
981.4117  981.5377
981.7019  981.8519
982.0909  982.2409
982.5782  982.6605
982.8892  983.0108
983.0165  983.1097
983.1519  983.3019
983.3895  983.5395
983.7663  983.8576
983.9696  984.1489
984.0905  984.3735
984.1483  984.3563
984.4039  984.5176
985.3040  985.3904
986.0455  986.1955
986.3334  986.4834
986.5618  986.7118
986.8247  987.0290
986.8893  986.9979
987.1118  987.2618
987.4128  987.6780
987.5083  987.6599
987.5707  988.0573
987.5918  987.9157
987.6007  988.2084
987.6167  988.2148
987.7315  988.2190
988.6653  988.8153
988.9262  988.9851
989.0339  989.1134
989.0744  989.2986
989.1753  989.2847
989.4723  989.5702
989.6712  989.8939
989.7399  989.9847
989.7927  989.9870
989.8377  990.0621
990.8932  991.0432
991.0435  991.1796
991.5134  991.6031
992.1185  992.2139
992.4794  992.7478
992.5111  992.7794
992.9927  993.1427
993.3361  993.4861
993.6547  993.7728
993.7992  993.8857
994.3014  994.3866
994.4374  994.6227
994.5521  994.6672
994.7681  994.9215
994.9147  995.0419
995.2108  995.5068
995.2147  995.5108
995.5998  995.6688
995.9785  996.1285
996.1979  996.3404
997.5739  997.6272
997.8042  997.9707
997.9377  998.1881
998.0579  998.3169
998.0752  998.2382
998.6799  998.7546
998.7817  998.8735
999.0706  999.2206
999.5531  999.7813
999.6182  999.8523
999.8473  999.9998
