0.5461  2.4093
1.3232  3.1864
1.7990  3.7693
3.1081  4.9833
3.3343  5.2572
3.6574  5.5206
4.8907  6.9928
4.9511  7.1146
5.2746  7.2743
6.3898  8.2530
6.6606  8.5238
6.8901  8.8811
8.1956  10.3945
8.2238  10.4792
8.2243  10.4796
8.3119  10.5088
9.7626  12.3831
9.8060  12.5145
10.0642  12.7901
10.7020  13.0872
11.6113  13.5905
11.7746  13.8203
13.5406  15.6498
13.5955  15.7047
15.2535  17.2095
16.9758  18.8685
17.0963  18.9890
17.6214  19.5255
17.7305  19.7084
18.2207  20.4853
18.2429  20.6633
18.3319  20.9225
18.4120  21.0184
18.5416  21.1082
19.7219  21.6557
19.8013  21.7351
20.6141  22.5501
21.1567  23.0511
22.2384  24.1016
22.4290  24.2922
22.7099  24.5731
22.8890  24.7522
23.2065  25.0697
23.5669  25.8482
23.5988  25.8695
23.7923  25.9179
24.3603  26.2236
24.9230  26.7862
25.0873  26.9505
25.7406  27.6347
25.8812  27.7646
26.8040  28.6672
27.0947  28.9656
27.5745  29.4377
28.3370  30.3678
28.3840  30.3913
28.9455  30.8399
29.4489  31.4008
30.0739  31.9371
30.3145  32.1894
31.4800  33.3432
32.1658  34.0290
33.1580  35.1755
33.9789  35.9018
34.6340  36.4972
35.9078  37.9486
37.3477  39.2174
38.2038  40.0670
40.0925  41.9557
41.0931  42.9963
41.2995  43.1978
41.9784  43.9491
43.5344  45.4638
43.8670  45.9015
43.9104  45.9883
44.4757  46.4414
44.6405  46.5476
46.9854  48.9780
47.0059  48.9986
48.2235  50.0867
49.2213  51.4848
49.5361  51.7247
49.7716  51.9260
50.1262  52.3311
50.3460  52.4065
50.9072  52.7771
51.1468  53.1358
52.2401  54.2667
52.3147  54.3365
53.1059  54.9691
53.4057  55.2689
54.1445  56.0077
54.8685  56.7317
55.1569  57.0201
55.4752  57.7924
56.5825  58.5004
57.0472  59.0938
57.8904  59.7536
59.1867  61.1774
60.6115  62.5111
61.1196  62.9828
62.0009  63.9336
62.4116  64.4659
62.5785  64.5593
64.2666  66.2152
64.7077  66.5709
65.5012  67.3644
65.6951  67.5583
66.0041  67.8674
66.7777  68.6409
67.2166  69.2286
67.2178  69.2298
67.6885  69.6100
68.2443  70.1998
68.6163  70.5795
70.3197  72.2084
70.7667  72.6299
71.7614  73.7175
72.8769  74.8215
75.4991  77.3623
76.0221  77.8853
76.6224  78.4856
76.9396  78.8791
77.2849  79.2473
77.3357  79.3150
77.6162  79.6232
77.9227  79.7860
78.8804  80.7436
79.0945  80.9577
79.4839  81.4333
80.6577  82.5209
81.2843  83.1802
81.8552  83.8873
82.0021  84.0549
82.0552  84.0815
82.6340  84.4972
84.6122  86.4754
85.2449  87.1081
85.5987  87.5284
85.7043  87.7192
86.2928  88.6130
86.4785  88.7019
86.5605  88.7183
87.6946  89.5716
87.8309  89.7078
88.9845  90.8477
89.7758  91.8782
91.0056  92.8689
92.7422  94.6054
93.1019  94.9651
93.3683  95.3779
95.9004  97.9795
96.0076  98.0397
96.3198  98.3961
96.3875  98.5723
96.5263  98.6189
97.7248  99.7977
97.7539  99.8269
98.3949  100.2581
98.7994  100.9044
99.0021  100.9678
99.4764  101.4389
99.8633  101.7755
100.5111  102.3858
100.6496  102.5243
100.9753  102.8797
101.2322  103.0954
101.8922  103.7554
102.2269  104.1978
102.5807  104.4439
103.6841  105.9821
103.7165  106.0037
103.7216  106.0050
105.2502  107.1742
105.3394  107.2872
105.5264  107.4134
106.2139  108.0975
107.2722  109.1354
109.6455  111.5087
109.8593  111.8708
109.8610  111.8725
110.3259  112.2521
110.5550  112.4430
110.7817  112.9598
110.8668  113.0896
110.9616  113.1691
111.4823  113.4047
111.6578  113.5378
112.0437  113.9069
112.5387  114.5690
112.7744  114.8222
113.7893  115.6974
114.1212  115.9844
114.5949  116.4871
114.7159  116.6081
115.2848  117.2239
116.0559  118.2393
116.0878  118.2499
116.6756  118.6453
116.9545  119.0510
117.1503  119.1280
118.5907  120.4539
118.9730  120.8362
119.6528  121.6603
120.0567  121.9199
120.3068  122.2475
121.1913  123.0545
121.4457  123.3089
122.1089  123.9721
123.9552  125.8184
124.2656  126.3602
124.3274  126.4220
124.4420  126.5195
124.7129  126.6228
125.4072  127.2704
125.7633  127.6265
125.9624  127.9428
126.0391  128.2483
126.3154  128.6397
126.4118  128.6981
126.7262  128.8992
126.8817  128.9523
127.7027  129.5659
127.9547  130.0507
128.0237  130.2959
128.0502  130.3356
128.1642  130.4018
128.9096  130.7728
129.8250  131.8640
129.8454  131.9252
130.0555  132.0496
131.0665  133.1308
131.1034  133.1646
131.4206  133.3198
131.5655  133.5416
131.6436  133.5992
132.2513  134.1145
133.1175  134.9808
133.5185  135.4571
133.6340  135.7061
133.7277  135.7373
134.1755  136.1234
136.8666  138.7298
137.2652  139.2822
137.4613  139.3802
137.7214  139.5846
137.9935  139.8567
138.4118  140.3213
138.5156  140.4250
138.7938  140.6695
140.5400  142.5937
140.6563  142.6576
141.9886  143.8757
142.1147  144.2099
142.6624  144.5777
144.1199  145.9831
145.4328  147.3532
145.7837  147.6469
146.7522  148.7630
147.5347  149.3979
148.0540  150.0522
148.1685  150.1986
148.5717  150.4349
149.4047  151.5321
149.6833  151.7104
149.8308  151.8282
150.0811  152.0072
150.5712  152.4344
152.3651  154.2283
152.5910  154.5154
152.6799  154.6043
153.5248  155.3881
154.0532  155.9165
154.4922  156.4750
155.0356  156.8988
155.6061  157.4776
155.7479  157.6193
156.1418  158.0981
156.3592  158.3728
157.3494  159.2126
158.7615  160.7994
158.8241  160.9873
158.8702  161.0334
160.5935  162.6083
161.2373  163.1005
162.7363  164.6848
162.9246  164.9407
163.5851  165.4483
164.4887  166.3519
164.8991  166.7800
165.0315  166.9123
165.5693  167.4887
165.8553  167.8379
165.9298  167.9870
165.9929  168.0472
166.2766  168.2898
167.0506  168.9138
167.2359  169.2749
167.3906  169.5349
167.4186  169.5443
168.2616  170.3722
168.2965  170.4863
168.4343  170.6041
168.6642  170.6620
169.5317  171.4544
169.6222  171.5449
170.0296  171.9233
170.3843  172.2475
170.7471  172.6103
172.1600  174.0232
172.9319  174.9694
173.0980  175.1400
173.4900  175.3532
174.5876  176.4555
175.0341  176.9216
176.0418  178.1166
179.0405  180.9037
179.1976  181.0608
179.5502  181.5934
179.5800  181.6351
180.1295  182.2035
180.6605  182.6201
181.7264  183.6104
182.0303  183.9146
182.1592  184.1703
182.2035  184.1935
182.6322  184.4954
182.9343  185.0532
183.0305  185.1856
183.3933  185.4623
183.4334  185.4757
183.8092  185.7343
184.0338  186.0589
184.0345  186.0610
184.3532  186.8700
184.4239  186.9284
184.6305  187.0006
185.2984  187.3106
185.3252  187.3245
186.1337  187.9969
186.3859  188.3446
186.5310  188.5349
187.1761  189.1550
187.4000  189.5282
189.4170  191.5566
189.6766  192.2088
189.6830  192.2184
189.8434  192.3835
189.8737  192.4062
190.2079  192.5780
190.2443  192.5892
190.7360  192.7087
190.9594  192.9102
191.0578  192.9906
191.4171  193.5242
191.5221  193.6113
192.0956  193.9588
192.2543  194.1175
192.6570  194.5723
193.1109  195.2534
193.1590  195.3015
193.3619  195.3692
193.9587  195.9281
194.0026  195.9841
194.2466  196.1858
195.8187  197.6819
196.2334  198.2116
196.4080  198.3224
197.1870  199.0502
197.6146  199.5446
198.2187  200.1183
198.7520  200.6184
199.2063  201.7009
199.2380  201.7782
199.3099  201.8501
199.4007  201.9042
199.5605  201.9844
199.6590  202.0189
200.1883  202.1703
200.9669  202.8301
202.6544  204.5176
203.8741  205.8753
203.8861  205.8873
205.0094  206.9847
205.0512  207.0682
205.2600  207.1871
205.4450  207.4138
205.5325  207.5829
206.4233  208.4811
206.4943  208.6535
206.9011  208.8015
207.0743  208.9445
208.0623  210.0018
208.1359  210.0755
208.4594  210.3226
209.2977  211.1609
209.7815  211.6892
210.9645  212.8277
211.2093  213.0822
211.3529  213.2241
211.6427  213.5059
213.1558  215.0190
213.6059  215.5293
213.7474  215.9088
213.8816  216.0523
214.1256  216.4936
214.2540  216.5997
214.5695  216.7643
214.9744  216.9026
215.3928  217.2560
216.7518  218.8281
216.9354  218.9538
217.5271  219.3903
217.9738  219.8447
218.7377  220.6009
218.9367  220.7999
220.4992  222.3624
221.9408  223.8040
222.2022  224.0654
222.3832  224.3398
222.5294  224.7777
222.5718  224.8019
223.0795  224.9713
223.8903  225.9000
223.9501  225.9598
224.8983  226.7615
225.7108  227.6985
227.2375  229.1007
227.8476  229.8130
228.2821  230.1453
229.5926  231.4559
230.0512  231.9144
230.5150  232.3782
231.4933  233.4394
232.0511  233.9143
233.0657  235.0169
233.7568  235.6918
234.3906  236.2538
234.5907  236.4711
234.7235  236.6728
235.5879  237.4511
235.9424  237.8056
236.3564  238.2196
237.7467  239.6100
238.1550  240.2452
239.6649  241.5281
240.4235  242.2867
240.7293  242.5925
240.9379  242.8681
242.5818  244.5742
242.7773  244.6862
243.0299  244.8931
246.0361  248.0373
246.2288  248.1396
247.0907  248.9539
248.3192  250.1824
248.6556  250.7268
248.8100  250.7969
250.2566  252.3829
250.4896  252.5027
251.4353  253.3090
251.5750  253.5064
252.5701  254.8300
252.6869  254.9468
252.9500  255.1298
252.9998  255.1671
253.3245  255.3179
254.9465  256.8097
255.5625  257.4257
255.9821  257.8453
257.4008  259.3189
258.8806  260.7438
259.8376  261.7008
260.3539  262.2863
260.8775  263.1565
260.9219  263.2452
262.4661  264.3523
263.3054  265.2343
263.8046  265.7489
264.6564  266.5494
265.3905  267.2537
265.6280  267.4912
267.4708  269.3340
268.4058  270.2690
268.9284  270.7917
270.7223  272.7466
270.7367  272.7754
271.6286  273.5041
271.7663  273.7085
272.6456  274.5088
272.8291  274.6923
273.9158  275.8068
275.2991  277.2605
275.3509  277.3321
276.5786  278.4418
277.1648  279.0280
278.1136  280.0954
278.5242  280.3874
280.0324  281.8956
281.2564  283.2135
282.2053  284.1211
282.5737  284.6963
282.6597  284.8827
282.8511  285.1103
282.8960  285.1552
282.9630  285.1887
283.2985  285.2824
283.6683  285.5796
284.7674  286.6403
285.3215  287.1847
286.5067  288.3876
287.6444  289.5482
287.8818  289.8655
288.7212  290.6394
288.8163  290.7344
289.0373  290.9005
289.3391  291.2119
289.5135  291.6959
289.9688  292.2398
290.2996  292.4821
290.5720  292.5650
291.1552  293.0184
291.5410  293.4042
292.1921  294.0553
292.4529  294.4540
292.8940  294.7572
294.9514  296.8146
295.2636  297.2315
295.6611  297.5243
296.6844  298.5476
297.1459  299.0091
297.8766  299.7398
299.7416  301.7228
300.0906  302.0670
300.6848  302.5480
302.2521  304.1153
302.8334  304.7604
303.3244  305.2282
304.1920  306.0552
305.1629  307.3967
305.1858  307.4519
305.7103  307.7161
306.6490  308.5543
307.3244  309.2246
307.4867  309.3911
307.9882  309.8514
308.2007  310.2099
308.7619  310.7865
308.7623  310.7873
309.0380  311.0312
309.6477  311.6008
309.9110  311.8984
310.1182  312.4365
310.1249  312.4425
310.3877  312.6175
310.4633  312.6553
310.7710  312.8173
310.9534  312.9638
311.1070  313.0420
311.9064  313.7696
312.7989  314.6621
313.0870  314.9502
313.7480  315.6790
314.3714  316.4472
314.4322  316.4775
315.8078  317.6710
316.7096  318.5728
316.9767  318.9132
317.3539  319.2571
317.4717  319.4927
317.5207  319.5172
318.1152  319.9971
318.5674  320.4306
319.4867  321.3647
321.4639  323.3644
321.5767  323.5330
321.7080  323.6272
322.0804  323.9436
322.4625  324.6106
322.6827  324.6954
323.3243  325.2321
323.6117  325.4750
324.8283  326.7479
324.9220  326.8415
325.4642  327.3274
325.9174  328.1341
325.9364  328.2101
325.9386  328.2133
326.1548  328.2959
327.2924  329.4636
327.2993  329.4983
327.4506  329.8767
327.5017  329.9893
327.6325  330.1880
330.6938  332.5570
331.0553  333.0282
331.0956  333.0685
331.4340  333.3976
331.6019  333.5886
335.5877  337.5525
335.6362  337.6009
335.9947  338.1916
336.1465  338.3349
336.2663  338.3649
338.2447  340.1135
338.5352  340.3984
338.9614  340.9420
339.7250  341.5882
340.4698  342.5659
341.9117  343.8712
341.9738  343.9839
342.3512  344.2706
342.4450  344.3646
343.5003  345.3652
343.7040  346.2451
343.7077  346.2525
343.8301  346.4054
343.9918  346.5299
344.1786  346.5975
344.3334  346.6212
345.0173  346.8806
345.4242  347.6293
345.5924  347.8585
345.7236  347.8930
346.4662  348.3862
346.5594  348.4794
347.4513  349.3644
348.3810  350.2442
348.5787  350.4419
348.8826  350.7458
350.0463  351.9096
350.4549  352.3181
350.8904  352.8689
351.1123  353.1428
351.3797  353.2678
352.1437  354.0069
353.2972  355.1604
354.1551  356.0701
354.3582  356.5914
354.4316  356.9951
354.4421  357.0167
354.4610  357.0356
354.5241  357.0735
355.2132  357.2248
355.5799  357.9491
355.6932  358.0491
355.9199  358.1269
356.5475  358.4137
356.6945  358.5607
356.9746  358.8378
357.7167  359.6711
357.9160  359.8002
358.2422  360.1231
359.1931  361.0563
359.3733  361.3124
359.7591  361.8465
359.9697  361.9635
361.1630  363.2000
361.5613  363.4245
362.0032  363.8664
363.0480  364.9112
364.1581  366.0214
365.0459  366.9490
365.5267  367.3899
365.7893  367.6525
366.8110  368.7834
367.4647  369.3966
367.5461  369.4814
368.5383  370.4020
369.0855  371.0624
369.3359  371.2457
369.5623  371.4255
369.7171  371.5879
369.8596  371.7303
370.7742  372.7148
371.2415  373.1047
371.5476  373.4108
371.9102  374.0987
371.9164  374.1248
372.0524  374.3968
372.0832  374.4275
373.5843  375.4475
374.2872  376.1504
374.9745  376.8772
375.0850  377.0144
375.2478  377.1896
375.3726  377.2877
376.4887  378.4778
376.5129  378.5019
376.9797  378.8634
377.3620  379.4612
378.4949  380.3749
378.8253  380.6885
379.3117  381.4006
379.4361  381.4628
380.6483  382.6992
381.1655  383.0287
381.6035  383.5504
381.6903  383.8677
381.8468  384.0037
382.0471  384.0601
382.4191  384.2823
383.7620  385.6252
385.5486  387.4634
386.0397  387.9188
386.9847  388.8479
388.9607  390.8239
389.1879  391.0511
389.3399  391.2931
389.5570  391.4874
389.8299  391.7284
389.9446  391.8431
390.6347  393.1331
390.6983  393.1881
390.8130  393.2518
390.9690  393.3213
391.5442  393.4802
392.0944  394.0688
392.1331  394.1076
392.5011  394.3851
393.0268  394.8900
393.3541  395.2173
393.9138  395.7770
394.1194  396.0927
394.1593  396.1326
394.4429  396.3061
394.9858  396.9331
395.0517  396.9990
395.8064  397.6696
396.5378  398.5250
398.7162  400.5794
398.8779  400.9131
398.9105  400.9623
399.7183  401.5815
400.4098  402.4475
400.5300  402.6632
401.2067  403.1249
401.4316  403.4212
401.4608  403.4796
401.6913  403.5948
402.3340  404.1972
402.5468  404.4100
403.0832  405.1267
403.1114  405.1831
403.2381  405.2464
403.7756  405.7068
403.8679  405.9258
403.9629  406.1658
404.1699  406.6925
404.2045  406.7207
404.5064  406.9484
404.7642  407.0654
405.0516  407.2004
405.3989  407.3186
406.3633  408.2265
406.6971  408.5603
407.6261  409.7202
409.9305  411.9015
410.0612  412.0971
410.8816  412.8837
410.9355  412.9727
411.2509  413.3769
411.7060  413.6884
411.7417  413.7598
412.3659  415.0017
412.4622  415.3586
412.5296  415.4377
412.6963  415.5625
412.7664  415.5917
413.7074  415.7407
414.1070  416.0116
414.6827  416.5459
416.5654  418.4954
416.6508  418.7513
416.8124  418.9108
416.8714  418.9304
417.6605  419.6175
418.8516  420.7148
419.5313  421.4624
419.7347  421.6052
420.0827  421.9460
420.3600  422.2866
420.4466  422.3732
420.6622  422.8718
420.7087  422.9254
422.0997  424.0515
422.7831  424.7489
423.1786  425.0418
424.8294  426.7304
425.1217  427.1133
425.2725  427.3333
425.4002  427.3759
426.1708  428.0367
426.3466  428.2579
427.6373  429.5460
427.7418  429.6952
427.9113  429.8705
428.5523  430.4748
428.9444  430.8076
430.8091  432.6723
431.3877  433.2729
432.1347  433.9979
432.3504  434.2136
433.9654  435.8286
434.6702  436.5714
435.0106  436.8738
435.7350  437.6726
436.4266  438.3521
437.0895  439.1544
437.2286  439.3070
437.4968  439.4455
437.6718  439.5653
437.9989  439.9377
439.3722  441.2803
440.2706  442.1338
440.8270  442.8810
441.0017  443.1213
442.4138  444.5161
442.4737  444.5768
442.5515  444.6493
443.6573  445.5205
443.8223  445.7336
444.2970  446.3057
444.3700  446.4975
444.3868  446.5227
444.6598  446.7631
445.3383  447.2711
445.8664  447.7296
446.2840  448.1889
446.8769  448.7957
447.2671  449.1303
447.7193  449.5825
448.0495  449.9146
448.2198  450.2739
448.3514  450.3786
449.5335  451.4115
449.7377  451.7922
450.1164  451.9796
450.5424  452.4317
450.7635  452.8002
450.8424  453.0050
450.9029  453.0655
450.9686  453.0874
451.8255  453.6887
453.1766  455.0398
454.8259  456.7837
455.2934  457.3995
455.4355  457.6648
455.5261  457.7555
455.6158  457.8012
455.8416  457.9918
456.1556  458.2679
456.2037  458.2839
458.2375  460.2499
458.4871  460.5416
463.5584  465.4805
463.6495  465.5949
466.8575  468.7207
467.4376  469.5723
467.4834  469.5954
468.5143  470.3775
468.9910  470.8738
470.8079  472.7351
471.2591  473.1223
472.3861  474.3895
472.3960  474.3993
472.9677  475.3077
473.0419  475.4359
473.0874  475.4814
473.2557  475.5960
473.3499  475.6714
473.8218  476.0659
473.8313  476.0754
473.8674  476.0935
474.4032  476.3249
475.5828  477.4642
476.1099  477.9731
476.9496  478.8128
477.8547  479.7472
477.9754  479.8679
478.4678  480.6406
478.4686  480.6432
478.5138  480.6884
479.9552  481.8184
481.2676  483.5743
481.3175  483.6146
481.4064  483.6599
483.5843  485.4744
483.7075  485.7122
483.7696  485.7475
484.5250  486.3882
484.9622  486.8254
486.2582  488.1214
486.5088  488.3720
486.6798  488.5579
486.8149  488.6930
487.0073  488.8705
489.3559  491.4345
489.4125  491.4628
489.7545  491.7126
489.8097  491.7677
490.1786  492.0687
490.3938  492.2899
490.6766  492.5398
491.1548  493.2273
491.1985  493.2858
491.8848  493.8600
492.1758  494.0390
492.8118  494.9601
492.8151  494.9666
492.8320  494.9750
493.6212  495.4844
494.7777  496.7453
495.1849  497.0481
496.8408  498.7040
497.4841  499.3556
497.8534  499.9667
497.8653  499.9905
497.9174  500.0166
498.3252  500.3951
498.3315  500.4138
498.6798  500.7677
498.7596  500.8040
500.4574  502.3206
500.6485  502.5680
500.7422  502.6617
502.4220  504.5563
502.4687  504.6967
502.5023  504.7303
502.5169  504.7397
503.4233  505.2865
503.7253  505.7468
503.7529  505.8019
503.9262  505.8885
504.7998  507.0418
504.9396  507.2113
504.9684  507.2309
505.3550  507.4550
507.3701  509.3052
507.6382  509.6063
507.6834  509.6514
509.2161  511.2953
509.2737  511.3580
509.6296  511.5736
509.8861  511.7494
510.0520  512.0071
510.3599  512.2943
510.6178  512.4810
511.0728  512.9859
511.9728  513.9286
512.9631  515.0424
513.1505  515.2636
513.1891  515.2995
513.3988  515.3811
513.8763  515.8067
513.9831  516.1993
514.0218  516.3046
514.1681  516.5720
514.2143  516.6182
514.2552  516.6386
514.9563  516.8195
516.6905  518.5538
516.8527  518.7751
517.9710  519.8342
519.9332  521.9053
520.3021  522.1653
520.8442  522.7074
521.9606  523.9208
522.3357  524.1989
522.9464  524.9706
522.9903  525.1227
523.3287  525.3280
523.5598  525.4505
524.3007  526.2397
524.6404  526.6544
524.8730  526.7760
526.9924  528.9908
527.1595  529.3979
527.3245  529.5922
527.3723  529.6333
528.0186  529.8818
529.2408  531.3026
529.3021  531.4823
530.6066  532.4698
531.0106  532.8738
532.0258  533.8890
533.1271  534.9903
533.6835  535.6317
533.9556  535.9231
534.5132  536.7880
534.6096  536.9282
535.8703  537.8386
535.9184  537.9347
536.1160  538.0335
536.4221  538.2853
537.2627  539.1259
537.7858  539.6491
538.3767  540.2399
539.2049  541.1194
539.3036  541.2181
539.5433  541.4065
540.6885  542.5517
540.8623  542.7255
541.3047  543.1679
541.7274  543.5906
541.8902  543.7534
542.5523  544.4789
542.8434  544.7067
544.3219  546.4632
544.3348  546.5020
544.6923  546.7415
544.8398  546.8841
544.9350  546.9317
545.5313  547.3945
545.9327  547.8314
547.0235  548.8867
547.4733  549.3744
547.8388  549.7020
549.0488  551.1514
549.1075  551.3188
549.4417  551.6702
549.5858  551.8312
549.6235  551.8779
549.6880  551.9208
550.0225  552.0668
550.2398  552.1599
551.8882  553.9419
553.3019  555.4044
553.3451  555.4420
553.8101  555.8995
553.9253  556.1837
554.1495  556.4934
554.1737  556.5055
554.2738  556.5299
554.9071  556.7703
555.2439  557.1738
556.1232  557.9864
557.4973  559.3605
557.7797  559.7908
557.7837  559.7989
558.2690  560.1336
558.4176  560.2822
559.1934  561.0566
559.3899  561.2532
560.2461  562.1900
560.3154  562.2593
560.9839  562.9387
561.0771  563.0145
562.4444  564.3077
564.1959  566.1390
566.1018  567.9650
566.3515  568.2147
567.3831  569.3201
567.6590  569.5222
568.3648  570.4470
569.4489  571.3502
571.3684  573.2316
571.9112  574.1062
573.5266  575.3899
575.3529  577.2161
577.0715  578.9405
577.3749  579.2381
577.5451  579.4189
577.8191  579.6823
578.1356  579.9988
578.4345  580.4805
581.5578  583.4683
581.6604  583.5710
582.0669  584.1061
582.2195  584.3661
583.2804  585.1436
583.4553  585.3943
584.1967  586.0599
584.6938  586.5570
585.0577  587.1533
585.0808  587.2216
586.2124  588.1946
587.7588  590.2684
587.7661  590.3122
587.8112  590.4038
587.9015  590.4616
587.9933  590.4769
588.8568  590.9335
590.7278  592.5910
591.4696  593.3469
591.6054  593.6522
592.3391  594.2161
592.4754  594.4120
592.9712  594.9848
592.9721  594.9865
593.2678  595.1344
593.5331  595.3963
593.8891  595.7524
594.6264  596.5780
594.9395  596.9262
595.0246  597.1746
595.0678  597.1962
595.5522  597.6437
595.5993  597.6672
596.1882  598.1561
596.2856  598.3906
596.2867  598.3917
596.5581  598.5014
596.7906  598.7171
596.8773  598.8855
597.2533  599.1165
597.7713  599.7773
598.7391  600.6285
598.9845  601.1512
599.1535  601.3850
600.1184  601.9816
600.3054  602.2301
600.5105  602.5206
600.5205  602.5341
601.0396  602.9945
602.3931  604.2782
602.8945  604.7577
603.0721  604.9353
603.3112  605.3136
603.3501  605.3914
603.5160  605.4744
603.9275  605.8535
604.4769  606.3401
604.7410  606.6821
605.5130  607.3762
605.9367  607.9405
605.9506  607.9683
606.6582  608.5214
606.8638  608.7270
607.6575  609.5207
608.1423  610.0055
609.4246  611.2878
610.4613  612.3857
610.8621  613.0358
610.8703  613.0440
611.5241  613.6366
611.6977  613.6983
612.3596  614.2228
612.5105  614.5770
612.5182  614.5924
612.6807  614.6737
613.0559  615.0180
613.1069  615.0691
613.9692  615.8324
615.3232  617.1864
616.3338  618.1970
619.0122  621.1038
619.2135  621.3339
619.7056  621.6641
620.4296  622.2928
620.6498  622.7041
620.6874  622.8168
620.7865  622.9159
621.2682  623.1314
622.3194  624.2502
622.6620  624.5252
622.8683  624.7316
623.1242  625.4305
623.2669  625.5844
623.3954  625.6486
623.7544  625.7313
624.9243  626.7876
625.1267  627.0802
625.2177  627.2798
626.4147  628.3607
627.5040  629.4552
628.1022  629.9654
628.4215  630.5354
628.4815  630.6001
628.8124  630.7487
629.0428  631.1033
630.0856  631.9488
630.5448  632.4653
630.6398  632.6404
630.9550  632.8428
631.8631  633.7263
632.0635  633.9478
632.2022  634.2852
632.3839  634.4160
632.9818  634.8450
633.6481  635.7334
633.6905  635.7695
634.3010  636.1642
635.6809  637.5441
635.8553  637.7341
635.9897  637.8685
636.2499  638.2132
636.5506  638.7144
636.5819  638.9238
636.7365  639.4025
636.7528  639.4270
636.9498  639.5798
637.0580  639.6684
637.4165  639.9909
637.5068  640.0296
638.0032  640.1218
638.4853  640.3485
638.8502  640.7134
639.9862  641.8494
640.1582  642.0828
640.7079  642.7245
640.7092  642.7270
641.0328  643.0648
641.3642  643.2274
641.6836  643.5468
642.1503  644.0719
642.5848  644.6263
642.8159  644.9198
643.5947  645.5889
643.6786  645.6809
646.0307  647.8939
646.2334  648.1937
646.3198  648.4510
646.3932  648.4877
647.0458  649.0171
647.0877  649.0856
647.3279  649.5319
647.9971  649.8603
648.2312  650.3304
648.2424  650.3638
648.5166  650.4775
649.5992  651.4624
650.8092  652.6866
651.3876  653.3861
652.0702  654.0360
652.1175  654.0834
652.4125  654.2757
653.0513  654.9145
653.7619  655.6251
654.0114  655.8746
654.3298  656.1930
654.7912  656.8048
654.8612  657.0290
655.2200  657.3094
655.2404  657.3162
656.3399  658.2031
656.6536  658.5168
657.2039  659.1176
657.4600  659.5366
657.4801  659.5986
658.2638  660.1270
658.6370  660.7891
660.1500  662.1183
660.8065  662.6697
661.0586  663.0555
661.3712  663.3432
662.0276  663.9120
663.1535  665.0167
663.7613  665.6545
665.2673  667.1306
666.0016  668.0115
666.2020  668.1134
666.9606  668.8238
667.4783  669.3415
667.9915  669.8547
668.6154  670.5355
670.0290  671.9375
671.4924  673.3556
672.6833  674.5465
673.6084  675.6584
673.8693  676.1463
673.9545  676.1608
674.4965  676.4402
676.2789  678.3184
676.3871  678.4266
676.5472  678.5032
677.7935  679.6567
678.4083  680.3300
678.8329  680.6961
679.7021  681.8150
679.7501  681.9111
680.9411  682.8106
682.8555  684.7812
683.3591  685.3661
684.5878  686.4789
684.8296  686.7265
684.9460  686.8429
685.1446  687.0078
685.5146  687.4908
688.6819  690.5451
689.4064  691.4089
691.0099  692.8731
691.7241  693.6569
691.8111  693.7406
692.1168  694.3948
692.1996  694.5279
692.2423  694.5599
692.7579  694.7411
693.3196  695.3148
693.4102  695.3691
693.6610  695.5242
694.6944  696.6847
694.7214  696.7387
695.7662  697.7696
695.9801  697.9223
696.2170  698.0972
696.4871  698.3503
697.4483  699.3188
699.5636  701.4996
700.0299  701.9869
700.0947  702.1402
700.4857  702.5099
700.6656  702.6934
700.8021  702.7544
701.8309  703.6941
703.3558  705.2190
704.0585  705.9217
704.2382  706.1014
704.5413  706.4045
705.1414  707.0046
705.3223  707.1855
705.8844  707.7580
706.2992  708.4879
706.6218  708.6907
711.1275  712.9907
712.5948  714.5437
713.8588  715.7360
714.3918  716.2550
714.8543  716.7639
715.5651  717.4283
715.8518  717.7610
716.3358  718.3762
716.3883  718.5253
716.6687  718.7222
717.4028  719.5084
718.6839  720.5471
719.0018  720.8650
720.2620  722.1252
721.4016  723.2648
721.9084  723.7716
722.6005  724.4637
724.3881  726.4160
724.4498  726.5020
724.7651  726.8327
726.7199  728.8333
730.7294  732.5926
731.4230  733.3760
731.9726  733.8358
732.5786  734.5283
732.6421  734.5918
732.9935  734.9508
733.5474  735.4106
734.3979  736.2612
735.3609  737.2241
735.8082  737.8481
735.9762  738.0062
736.1502  738.1023
736.3541  738.2348
738.0181  739.8813
739.1901  741.0534
739.5560  741.4193
740.2133  742.1145
740.8807  742.8710
741.0271  743.0042
741.6485  743.5117
741.8994  743.7744
742.0377  743.9676
742.2029  744.2540
742.3225  744.3052
742.7271  744.6421
742.8835  744.8174
744.0222  745.8854
744.2208  746.0840
745.4365  747.6457
745.8454  747.9045
746.3870  748.2807
746.9725  748.8357
747.2512  749.1647
747.3508  749.2644
747.9779  750.1355
748.0451  750.2574
748.1407  750.2899
749.3201  751.2429
749.6508  751.5233
749.9069  751.7909
750.1654  752.0287
750.5394  752.4026
751.1463  753.0095
751.3408  753.3570
751.4576  753.4328
752.1444  754.2801
752.1607  754.3453
752.3369  754.6147
752.4544  754.7028
752.6840  754.8540
752.8515  755.0101
753.0812  755.0971
753.4938  755.3570
753.9302  755.8149
754.1081  756.0903
756.1167  757.9799
756.4010  758.2642
756.8602  758.7695
757.2487  759.1119
757.4466  759.4971
757.4795  759.5859
758.3538  760.2170
758.6090  760.5503
759.5723  761.4785
759.6794  761.7403
759.8381  762.0632
760.4239  762.3447
760.7790  762.6422
762.0436  763.9068
762.2392  764.1322
762.4209  764.3389
762.8674  764.8160
763.1363  765.0012
763.2846  765.2003
763.3855  765.2995
763.6706  765.6313
763.8197  765.9581
764.0929  766.1352
764.1577  766.1676
765.1119  766.9751
765.4697  767.4826
765.7167  767.8483
766.9813  768.8445
768.9182  770.7814
769.3576  771.3697
769.3646  771.3835
770.1314  771.9946
770.5054  772.4847
770.8077  772.6709
771.5415  773.5024
771.5938  773.5937
771.8026  773.7665
771.9558  774.1092
771.9993  774.1319
772.7747  774.7125
772.8501  774.7879
773.2668  775.1301
774.2811  776.1538
774.4217  776.2943
774.7423  776.8657
774.9785  777.5031
775.3543  777.9785
775.4120  778.0074
775.4460  778.0171
775.7300  778.0632
776.3634  778.2266
777.0076  778.8708
777.7558  779.6190
777.9528  779.9450
778.2909  780.1541
779.7648  781.7130
781.1063  782.9695
781.6103  783.5166
782.3379  784.4104
782.3688  784.4413
782.6226  784.5510
783.3866  785.2498
783.9378  785.8010
784.2139  786.0771
784.5265  786.5587
784.5997  786.8364
784.7887  786.9156
787.0211  789.4066
787.0828  789.4540
787.6087  789.5630
788.0873  790.0018
788.1861  790.1133
788.6863  790.5686
788.8172  790.7125
788.9732  790.8495
789.2267  791.1494
789.8621  791.7253
790.1675  792.0676
791.6190  793.4822
791.8497  793.9119
792.4568  794.3932
794.1397  796.0029
796.5070  798.3702
796.9107  798.7739
797.7100  799.5906
798.7199  800.5831
800.2404  802.3386
800.2707  802.3537
801.3910  803.2542
801.8014  803.7093
802.3413  804.5287
802.4050  804.6404
802.6790  804.8418
802.8855  804.9370
803.0695  805.0197
803.8265  805.8144
803.8518  805.8397
804.9101  806.7733
805.0830  806.9462
805.8099  807.7299
806.5304  808.3936
806.9255  808.8838
807.1610  809.4917
807.1676  809.5013
807.4730  809.7703
807.9563  809.8994
808.4142  810.2994
809.0729  811.0080
809.2851  811.1532
810.2741  812.3462
810.3295  812.3740
811.3807  813.3240
811.4507  813.3940
812.0787  813.9419
813.2184  815.0927
813.5511  815.4143
813.7180  815.7491
814.4320  816.2952
815.6531  817.6617
815.8629  817.8412
816.4554  818.3216
816.6024  818.4686
816.7668  818.6300
816.9334  818.7966
817.1209  819.1259
817.2140  819.1947
817.6428  819.7424
817.8164  819.8288
819.2139  821.1107
819.3303  821.3526
819.4332  821.5095
819.6319  821.5884
820.1098  822.0912
820.7393  822.6025
820.9393  822.8903
821.6479  823.7958
821.6644  823.8013
822.1418  824.1151
823.3358  825.2660
824.0213  825.8845
825.3557  827.2189
826.2256  828.2219
826.2860  828.2606
827.4245  829.3680
828.4961  830.5573
828.5684  830.6769
828.7160  830.7261
829.2035  831.1477
830.4777  832.5199
830.5126  832.6247
831.5256  833.4502
831.9605  833.8237
832.7089  834.7192
833.7030  835.7250
833.7443  835.7803
834.0692  835.9675
834.4056  836.2688
835.3144  837.1776
835.5136  837.4375
835.8271  837.7292
837.0874  838.9506
837.3927  839.3651
837.4355  839.4759
837.6875  839.6761
838.1719  840.0393
839.3932  841.3215
839.9297  841.7929
840.1127  841.9759
840.4564  842.3583
840.8600  842.8491
840.8842  842.8732
841.8549  843.8550
841.8870  843.9191
842.3662  844.2294
842.8963  845.0003
842.8969  845.0015
843.0130  845.0595
843.3594  845.4320
845.2837  847.1469
846.0972  847.9604
846.6108  848.4740
846.7880  848.7699
846.8428  848.9429
846.9863  849.1469
847.9366  849.7999
848.1049  849.9681
848.5236  850.3868
848.7744  850.8239
848.8022  850.8796
848.9184  850.9376
850.2029  852.0661
850.6536  852.6311
851.3361  853.3353
851.3844  853.3665
852.5726  854.4936
853.6145  855.5200
854.1442  856.3705
854.1805  856.4473
854.6385  856.8061
855.4081  857.2781
856.1259  858.0194
856.4478  858.3111
856.7125  858.6215
857.8000  859.9263
858.2348  860.1904
858.3208  860.3703
858.6262  860.5087
859.2316  861.0948
859.6616  861.5248
859.8340  861.7793
860.1088  861.9720
860.3182  862.5725
860.3318  862.6270
860.4413  862.7032
862.0809  863.9441
862.5524  864.5804
862.6548  864.6615
863.3219  865.2692
863.5878  865.5220
863.9969  866.1455
864.1392  866.2547
864.9055  866.7687
866.0178  867.8810
867.2357  869.0989
867.3914  869.2546
868.1359  869.9991
868.6987  870.7504
868.9596  871.3215
868.9678  871.3352
869.0832  871.4481
870.2376  872.1008
872.7106  874.8203
872.7459  875.0405
872.9334  875.3165
872.9924  875.3276
874.7458  876.8434
874.8011  876.9685
875.9078  877.8750
875.9960  878.0262
876.6502  878.5498
876.7638  878.8070
877.5375  879.6035
877.6460  879.8762
877.6605  879.8907
878.5468  880.7770
878.5514  880.7907
879.8486  881.7118
880.7536  882.7778
882.4541  884.6610
882.4743  884.6852
882.8221  885.0249
883.0516  885.3639
883.0591  885.3763
883.2116  885.5692
883.6469  885.7771
885.7544  887.6176
885.9382  887.9336
885.9560  887.9514
886.3285  888.1917
886.5868  888.4894
887.2811  889.1443
888.0695  889.9327
888.8820  890.8083
889.1419  891.2360
889.2043  891.2672
890.4288  892.4149
891.7051  893.7038
891.7479  893.8086
891.9060  893.9346
892.7036  894.5668
892.9171  894.9002
893.5167  895.6122
893.6042  895.9935
893.6607  896.0500
894.5092  896.4931
894.6096  896.5744
895.0824  896.9457
895.4295  897.3800
895.9333  897.7965
896.3201  898.4126
896.3509  898.4434
897.4681  899.4458
897.6220  899.7970
899.9329  901.8079
900.0711  901.9461
900.4812  902.3444
901.1378  903.0243
901.4373  903.3005
901.8550  903.7182
902.2013  904.2532
902.3225  904.4759
902.4703  904.6333
902.8121  904.8268
902.9435  904.9190
903.2239  905.1040
903.4140  905.3111
903.8412  905.9291
903.8904  906.0768
904.0472  906.1958
904.1928  906.2322
904.8433  906.7065
905.3197  907.1829
906.0548  907.9180
906.2180  908.1321
906.4252  908.5728
906.4854  908.7541
906.6093  908.9395
906.7440  909.0208
907.0684  909.1155
907.3666  909.2476
907.7076  909.7444
908.1543  910.0175
908.6675  910.6683
909.0951  910.9583
909.3252  911.3811
909.3736  911.4187
909.7934  911.6749
910.3396  912.2544
910.4380  912.4045
910.8678  913.0398
911.4174  913.5117
911.4951  913.5796
911.7145  913.8817
911.8179  914.0705
911.8843  914.1989
912.4684  914.6316
913.6931  915.6463
913.7531  915.7207
913.9787  915.8563
914.3050  916.1971
914.4262  916.3182
914.8387  916.7685
915.4203  917.4826
915.4582  917.5585
915.5082  917.5835
916.3270  918.2287
916.4386  918.3402
916.8319  918.8885
918.2026  920.0658
919.2243  921.0875
919.6772  921.9431
919.7483  922.3829
919.7531  922.3950
919.8276  922.4708
920.0347  922.5386
920.2803  922.5702
921.0444  922.9077
921.4358  923.2991
923.5753  925.5544
923.8778  925.7980
924.0697  926.0443
925.9673  927.8305
926.5294  928.5273
926.5447  928.5426
927.1918  929.0550
927.8225  929.6857
928.6197  930.6375
929.4319  931.4667
929.8419  931.7125
930.2705  932.1338
931.3105  933.2839
931.3528  933.3685
931.5630  933.4737
931.7771  933.6403
932.4818  934.3450
933.2161  935.0793
933.7365  935.7437
933.9068  936.0321
934.9776  936.8408
936.4076  938.2708
938.5495  940.5477
938.6094  940.6610
939.1383  941.0015
940.6199  942.5098
941.1911  943.1856
942.1051  944.1965
943.1596  945.1053
943.2271  945.2084
944.1602  946.1229
944.3204  946.3598
944.5147  946.4439
945.0277  947.0851
945.1104  947.1515
945.5821  947.4972
945.9398  947.8306
946.5404  948.7357
946.5593  948.8138
946.7470  949.0942
946.8849  949.1769
947.0003  949.2192
947.5881  949.5322
947.7916  949.6825
948.2840  950.1472
948.8915  950.7547
949.5992  951.4624
951.7036  953.6035
952.4294  954.2926
954.1256  955.9888
954.4824  956.3457
956.3394  958.3813
956.5921  958.5057
957.1184  958.9816
957.6993  959.6801
957.7317  959.7125
958.0556  959.9290
958.3922  960.2554
958.6346  960.5450
959.0720  961.0756
959.4635  961.3267
959.7926  961.8213
961.7964  963.7110
962.5389  964.4062
963.2933  965.1565
963.4991  965.4675
964.3419  966.4519
964.3964  966.6667
964.4111  966.6961
964.4858  966.7708
964.7958  966.9144
968.1804  970.0436
968.4481  970.3113
970.5277  972.4354
970.6331  972.5409
971.1200  973.1376
971.6099  973.5837
971.9887  973.8519
972.6007  974.4639
973.3284  975.1916
973.5131  975.3763
973.7433  975.6751
975.0497  976.9911
975.4514  977.3146
976.1719  978.0351
976.4129  978.2761
977.4069  979.2701
977.7117  979.5982
978.2864  980.2114
979.0397  981.0126
979.1658  981.1290
979.5965  981.4634
979.7438  981.8058
980.3080  982.4253
980.3336  982.4381
981.1421  983.0053
981.7019  983.5651
982.0909  983.9541
983.1519  985.0151
983.3895  985.2527
983.9696  985.8621
984.0905  986.0867
986.0455  987.9087
986.3334  988.1966
986.5618  988.4251
986.8247  988.7422
987.1118  988.9750
987.4128  989.3912
987.6007  989.9216
987.6167  989.9280
988.6653  990.5285
989.0744  991.0118
990.8932  992.7564
992.4794  994.4610
992.5111  994.4926
992.9927  994.8559
993.3361  995.1993
994.4374  996.3359
994.7681  996.6347
995.2108  997.2200
995.2147  997.2240
995.9785  997.8417
997.8042  999.6839
997.9377  999.9013
998.0579  1000.0301
999.0706  1000.9338
999.6182  1001.5655
999.8473  1001.7130
