0.0813  2.2098
0.1253  2.3823
0.3268  3.0367
0.9220  4.7681
0.9637  4.8384
1.2214  5.2318
1.2350  5.2493
1.8207  5.8970
2.8092  6.4576
4.5885  7.9169
6.9224  12.1537
6.9254  12.1587
8.5355  15.3051
10.2006  20.1661
10.9677  22.4338
12.8996  26.5349
13.1869  27.0682
13.9553  28.3252
15.1518  29.9230
18.9442  34.2668
19.8216  35.2616
20.0323  35.4736
20.1420  35.5769
29.6308  42.5618
30.3112  43.0646
30.7876  43.4102
31.2168  43.6987
33.4411  45.1294
36.1232  47.5540
36.9034  48.6008
41.4688  56.6443
41.6572  56.9956
43.0418  59.9037
44.9543  64.6368
45.5341  66.1781
46.6316  68.9406
46.7598  69.2309
47.7570  71.3029
48.1378  72.0602
48.3052  72.3811
48.5642  72.8706
53.3749  81.8614
53.5859  82.2677
55.7765  86.3372
55.8382  86.4539
56.8932  88.4421
57.8821  90.2063
58.2763  90.8854
60.2999  94.2927
61.5947  96.0981
61.8641  96.4492
61.9328  96.5370
62.5886  97.3654
62.8683  97.7123
63.4857  98.4796
63.7864  98.8564
63.7923  98.8636
64.2715  99.4522
64.3831  99.5864
64.4940  99.7179
65.4769  100.9012
65.5216  100.9546
67.4871  103.3280
68.4210  104.4345
68.8522  104.9434
71.8035  108.3439
72.4548  109.1013
73.4565  110.2776
73.9643  110.8511
74.1503  111.0553
74.7305  111.6661
74.9134  111.8498
78.5173  115.3219
81.4529  118.2315
85.7872  122.8682
85.8407  122.9259
86.8362  123.9949
88.3627  125.6984
90.2693  127.8760
91.9178  129.8248
94.8419  133.4005
96.4125  135.3596
96.7800  135.8441
97.0349  136.1768
98.4281  137.9774
98.4388  137.9909
99.1957  138.9552
99.7548  139.6727
100.0594  140.0667
100.2899  140.3621
101.1375  141.4177
101.3766  141.7174
102.4254  143.0671
104.1481  145.3463
106.8888  149.2901
109.4144  153.1573
111.0016  155.7894
112.2458  157.9766
113.6543  160.5194
113.7556  160.7039
114.0699  161.2749
114.3959  161.8656
115.7635  164.3430
117.2205  166.9965
117.2757  167.0945
117.7034  167.8588
117.9042  168.2246
119.4800  171.1104
119.9315  171.9280
121.6297  175.1478
122.0197  175.9364
122.3857  176.6746
122.7615  177.4387
123.8513  179.6197
124.5366  180.9705
124.6104  181.1152
124.6962  181.2825
124.7297  181.3470
125.2827  182.4028
125.3939  182.6143
125.6807  183.1567
125.7003  183.1936
126.1255  183.9936
126.2474  184.2202
126.4520  184.6003
127.5705  186.6699
127.7316  186.9727
128.0914  187.6526
128.4611  188.3497
129.0954  189.5464
129.2717  189.8815
129.4866  190.2887
133.8404  198.5728
134.6964  200.1822
137.1521  204.6675
138.2891  206.7456
138.4887  207.1060
138.6030  207.3111
142.2200  214.0500
143.6097  216.6778
143.9117  217.2393
145.1448  219.5160
145.2780  219.7611
146.8765  222.6931
148.3866  225.4743
149.4763  227.4680
151.9748  231.9855
152.2457  232.4806
152.6240  233.1735
152.9918  233.8490
153.0060  233.8747
153.4481  234.6589
153.5251  234.7958
154.8277  237.0779
155.9226  238.9653
157.4626  241.5523
158.8029  243.8218
158.8297  243.8668
159.5897  245.1346
160.2506  246.2255
160.6288  246.8430
161.6374  248.4864
161.8447  248.8206
162.1822  249.3642
163.0723  250.7895
163.5707  251.5721
163.9243  252.1322
167.1164  257.1987
167.7198  258.1345
170.1443  261.7432
170.5230  262.2991
171.7331  264.0504
171.8803  264.2576
172.1921  264.6886
173.8237  266.8922
174.7354  268.0860
176.0204  269.7484
177.8465  272.1133
178.8338  273.4073
179.6274  274.4404
180.2921  275.3184
180.5504  275.6637
181.2247  276.5613
183.9542  280.4184
184.1692  280.7299
184.6214  281.3812
186.9860  284.7123
187.6316  285.6135
188.1325  286.3011
188.3027  286.5352
188.5931  286.9373
189.6467  288.3933
190.1841  289.1345
190.3661  289.3851
190.4744  289.5336
190.5718  289.6665
190.5919  289.6939
191.3510  290.7181
191.5949  291.0470
193.9690  294.2121
194.4390  294.8278
194.5524  294.9761
195.0124  295.5812
196.2098  297.1540
197.3054  298.5872
197.4617  298.7898
197.7923  299.2199
198.9999  300.8043
202.1995  305.2095
203.1016  306.4784
203.3695  306.8536
203.4554  306.9732
203.5131  307.0531
204.3596  308.2165
208.1587  313.3746
208.2013  313.4312
208.7348  314.1337
209.3991  315.0045
210.7336  316.7358
213.7993  320.6640
214.9012  322.0319
215.0683  322.2416
215.5096  322.7921
216.7498  324.3236
218.4158  326.4181
220.9564  329.6179
221.6897  330.5301
221.9457  330.8454
222.2757  331.2490
222.7996  331.8891
223.9491  333.3031
227.6610  337.7838
228.0096  338.2031
228.3763  338.6474
229.6993  340.2403
230.4615  341.1476
231.7303  342.6786
231.8866  342.8658
232.0009  343.0026
234.2139  345.6838
234.2990  345.7865
236.1204  348.0165
237.9710  350.3517
238.2415  350.6934
238.5270  351.0520
238.9440  351.5740
239.6920  352.5144
240.0406  352.9476
240.6087  353.6512
241.0347  354.1790
243.3113  356.9810
243.7875  357.5615
244.8108  358.8039
245.9533  360.1956
246.3025  360.6160
247.4593  362.0209
247.8016  362.4333
247.9865  362.6536
251.8510  367.2373
252.6319  368.1358
254.0025  369.6992
255.2942  371.1655
255.3527  371.2323
255.6739  371.5974
259.1633  375.6167
260.1176  376.7285
260.7429  377.4617
265.7382  383.4897
265.7419  383.4944
266.8260  384.8538
267.6257  385.8570
268.3233  386.7367
269.0439  387.6513
271.7859  391.0882
271.9573  391.3045
273.5145  393.2784
273.7186  393.5319
274.6119  394.6402
275.1610  395.3218
275.1971  395.3666
275.3346  395.5370
275.3674  395.5775
275.9289  396.2670
276.2253  396.6240
276.5615  397.0206
277.9516  398.6060
280.9504  401.9997
281.8710  403.0616
282.0692  403.2918
288.1362  410.3692
288.2099  410.4553
289.8584  412.3903
290.3936  413.0231
290.5964  413.2640
290.6691  413.3502
290.6908  413.3757
291.9869  414.9030
293.1631  416.2991
297.4773  421.5994
298.0460  422.2952
298.7144  423.1080
301.0265  425.9230
301.1042  426.0181
304.1538  429.7243
305.9518  431.9354
306.4673  432.5783
307.0017  433.2489
308.6630  435.3355
309.6955  436.6493
311.8091  439.3948
312.0074  439.6536
312.0492  439.7081
315.5066  444.2433
315.9681  444.8530
320.0079  450.2747
320.5944  451.0751
322.3954  453.5339
322.7139  453.9675
324.9668  456.9844
325.1774  457.2641
326.3932  458.8753
326.7542  459.3500
327.1971  459.9313
327.7741  460.6818
329.0028  462.2712
329.3571  462.7324
330.4440  464.1515
330.8301  464.6527
331.0657  464.9588
331.4935  465.5128
331.7835  465.8909
333.9755  468.7279
334.2337  469.0575
336.1000  471.4395
336.1149  471.4584
337.4225  473.1269
337.6044  473.3588
337.7031  473.4844
338.1443  474.0481
338.4861  474.4860
339.7555  476.1402
340.7847  477.4776
341.9770  479.0248
342.3212  479.4721
342.4809  479.6802
342.7924  480.0877
343.0473  480.4227
345.1159  483.1484
346.1248  484.5059
346.2926  484.7316
347.7178  486.6375
347.8695  486.8415
348.6249  487.8622
349.3215  488.8017
352.8636  493.6621
354.7715  496.3186
354.9737  496.6029
355.3728  497.1627
356.9195  499.3629
357.5321  500.2404
357.6035  500.3422
358.0747  501.0128
358.0951  501.0420
358.9228  502.2349
360.4807  504.5057
360.5694  504.6358
362.3273  507.2569
363.7923  509.4800
364.1747  510.0640
365.2202  511.6781
367.9753  516.0737
368.6492  517.1609
368.6753  517.2029
368.7770  517.3664
373.8020  525.5856
374.3230  526.4398
374.5698  526.8469
375.1531  527.8069
376.1312  529.3999
378.6255  533.4357
379.4700  534.7802
380.6895  536.6847
382.7184  539.8084
383.0066  540.2561
383.0982  540.3986
384.7982  543.0342
385.6437  544.3441
385.7169  544.4563
385.7243  544.4677
386.5609  545.7408
388.7528  549.0927
390.1551  551.2254
390.6791  552.0201
391.6296  553.4576
391.6797  553.5333
393.0200  555.5725
393.6422  556.5084
393.8394  556.8030
400.5125  566.8906
400.8180  567.3515
400.8266  567.3645
400.8295  567.3689
401.0345  567.6759
402.6688  570.1044
404.5504  572.9121
405.4095  574.1977
406.3719  575.6247
407.2477  576.9057
409.0441  579.5151
409.9380  580.8118
411.1329  582.5337
411.5609  583.1478
412.1882  584.0535
414.3410  587.1663
414.3536  587.1844
416.2492  589.8956
417.2773  591.3661
418.6991  593.3989
419.6720  594.8163
420.5318  596.0733
420.9854  596.7386
422.8748  599.5386
424.4694  601.9105
425.0709  602.8076
426.8533  605.4378
426.9143  605.5273
426.9335  605.5553
428.7213  608.1844
431.3189  611.9812
431.3621  612.0436
432.1794  613.2183
435.2444  617.6154
437.6980  621.1017
438.3492  622.0253
438.3811  622.0709
438.7950  622.6576
440.1752  624.6144
443.2081  628.9468
443.8461  629.8556
444.1925  630.3451
446.4642  633.5536
447.2814  634.7169
447.7978  635.4541
448.2276  636.0680
449.3731  637.7088
449.7865  638.2969
449.8316  638.3610
452.4338  642.0585
454.2658  644.6927
455.2504  646.1103
455.5890  646.5958
456.0741  647.2916
457.1576  648.8347
459.0779  651.5861
461.2561  654.7375
461.6939  655.3749
462.2619  656.2017
462.4201  656.4322
464.8728  659.9862
465.3243  660.6386
466.3462  662.1203
468.8635  665.7922
470.5787  668.3075
471.0314  668.9701
471.3528  669.4403
472.3803  670.9410
472.8666  671.6546
472.9580  671.7879
472.9703  671.8058
474.3659  673.8062
474.4797  673.9682
475.4437  675.3368
476.9313  677.4572
478.4710  679.6439
478.4887  679.6694
478.5891  679.8128
478.8210  680.1432
480.0970  681.9598
481.4410  683.8796
481.4810  683.9366
482.2934  685.0814
482.9204  685.9576
485.2208  689.1664
486.8845  691.4568
487.2373  691.9412
487.8907  692.8406
488.9975  694.3682
489.2876  694.7655
494.6718  702.0395
497.3872  705.6970
498.5024  707.2059
498.5806  707.3110
499.1615  708.0929
501.6744  711.4528
502.8866  713.0663
503.6861  714.1296
504.3999  715.0762
505.9211  717.0934
507.3763  719.0136
507.5774  719.2785
507.8811  719.6770
508.3001  720.2273
508.8458  720.9434
511.1988  724.0146
511.2536  724.0856
511.5671  724.4916
512.1064  725.1922
512.6264  725.8666
513.1715  726.5740
513.8181  727.4204
515.4920  729.6058
516.9311  731.4879
517.9645  732.8204
518.2109  733.1374
518.3206  733.2779
518.3661  733.3359
520.0001  735.4241
520.0256  735.4567
520.1705  735.6416
523.2256  739.5342
524.5218  741.1843
524.7858  741.5195
525.1346  741.9600
526.8101  744.0918
527.9640  745.5695
528.6151  746.4040
531.5488  750.2009
533.6201  752.9127
533.8110  753.1635
534.4299  753.9788
536.0821  756.1562
537.8634  758.5092
538.3167  759.1076
540.0897  761.4358
541.1512  762.8250
543.5592  765.9818
546.7156  770.1695
547.1332  770.7223
547.3816  771.0505
548.3381  772.3104
551.1167  775.9536
551.6717  776.6787
551.8690  776.9351
553.4157  778.9471
554.4650  780.3289
555.2313  781.3438
556.5105  783.0494
556.8488  783.4974
556.9469  783.6267
558.0022  785.0178
559.8088  787.4151
560.7067  788.6063
560.7908  788.7182
561.6946  789.9234
561.8198  790.0899
566.2950  796.1043
568.8427  799.5718
569.2434  800.1140
570.6717  802.0398
570.7927  802.2029
571.9380  803.7268
572.5589  804.5529
573.4221  805.6991
574.8474  807.5934
577.9256  811.7123
578.2641  812.1631
578.8435  812.9361
581.5399  816.5629
581.6861  816.7606
581.7915  816.9028
582.0164  817.2047
584.7605  820.8895
585.4038  821.7558
586.3457  823.0247
587.3321  824.3536
588.6173  826.0932
589.0744  826.7104
589.1191  826.7706
589.1705  826.8396
589.4397  827.2001
592.3476  831.0765
593.5991  832.7207
594.4413  833.8313
595.2638  834.9167
595.7630  835.5729
596.4152  836.4259
597.9937  838.4888
599.8724  840.9426
600.2854  841.4796
600.3885  841.6137
601.3081  842.8163
601.9326  843.6427
603.2797  845.4235
604.4467  846.9745
606.3888  849.5426
608.6770  852.5609
609.5903  853.7660
612.0914  857.0967
612.4020  857.5131
612.5119  857.6596
615.4795  861.5861
615.7056  861.8849
617.0147  863.6057
618.7805  865.9344
619.2389  866.5378
620.7423  868.5131
621.3258  869.2836
621.5557  869.5870
622.1325  870.3466
622.4137  870.7170
623.3641  871.9679
624.6645  873.6733
625.6232  874.9189
625.8039  875.1539
627.5121  877.3585
630.8565  881.6854
634.9290  886.9210
634.9315  886.9241
635.2121  887.2826
635.4044  887.5278
636.2132  888.5647
636.9314  889.4917
636.9688  889.5399
637.7006  890.4892
637.9631  890.8307
639.0918  892.3054
639.7982  893.2257
639.9379  893.4076
640.0269  893.5228
640.2085  893.7578
640.4673  894.0922
644.1232  898.8294
646.4834  901.8958
649.6988  906.1150
650.9015  907.6843
651.9422  909.0381
653.2947  910.8022
654.1130  911.8638
655.5441  913.7106
656.8705  915.4248
658.5231  917.5622
661.0820  920.9059
661.7193  921.7381
664.3913  925.2493
664.8769  925.8891
665.4453  926.6393
666.4688  927.9854
668.2228  930.2898
669.5273  931.9967
670.7130  933.5468
671.5441  934.6499
672.0719  935.3511
672.3100  935.6671
673.1541  936.7902
673.2839  936.9629
675.4128  939.8002
677.7283  942.9027
677.9048  943.1367
679.4449  945.1690
680.1779  946.1365
680.2548  946.2376
680.3342  946.3419
680.9937  947.2063
682.2821  948.8870
683.5952  950.5984
684.0258  951.1622
684.7270  952.0806
685.7365  953.4040
687.5217  955.7425
687.7446  956.0356
687.8178  956.1320
688.6162  957.1784
688.8741  957.5150
688.9548  957.6202
689.2374  957.9882
689.3753  958.1676
690.4700  959.5897
690.6135  959.7765
691.7107  961.1999
692.6187  962.3742
694.1620  964.3838
694.2490  964.4970
697.2764  968.4387
699.0604  970.7752
700.0874  972.1268
700.1847  972.2553
702.3506  975.1177
703.3080  976.3786
703.7614  976.9714
704.5582  978.0103
704.5910  978.0529
704.5984  978.0626
704.9558  978.5262
704.9737  978.5494
706.8812  981.0258
706.9150  981.0696
707.5066  981.8363
708.2116  982.7511
708.9817  983.7594
709.7743  984.7960
710.1449  985.2782
710.6126  985.8861
710.9151  986.2797
711.7668  987.3876
711.8300  987.4698
712.6920  988.5811
714.4539  990.8515
715.9541  992.7750
717.1765  994.3425
718.8466  996.4791
719.8937  997.8161
720.2240  998.2369
720.6045  998.7218
722.3207  1000.8948
